226 224 4
238 233 16
235 233 40
306 304 64
305 304 100352000
326 325 40
335 325 64
221 219 1024
417 107 1
217 215 4
104 102 16
253 214 256
218 214 64
254 214 256
120 119 81920000
208 207 4
208 206 4
276 206 1744830464
203 202 1605632000
204 202 4
190 189 4
417 381 1
393 391 160
353 352 9834496
354 352 9834496
196 195 4
197 193 16
160 159 4
197 192 16
228 226 64
229 226 64
352 350 1
353 350 9834496
210 190 4
350 14 2458624
79 14 2458624
22 14 100352000
19 14 25088000
40 14 25088000
33 14 25088000
335 334 64
214 213 16
327 322 1627389952
333 322 1480589312
182 177 200704000
409 177 2000
202 187 1
201 187 4
189 187 4
198 187 4
195 187 4
193 187 4
213 187 4
215 187 4
200 187 1605632000
216 187 4
191 187 4
204 187 4
211 187 4
207 187 4
220 187 4
199 187 4
188 187 1605632000
209 187 4
194 187 4
203 187 1605632000
40 39 25088000
253 252 256
254 252 256
297 173 6272000
174 173 6272000
280 278 40
283 278 16
369 367 6272000
167 166 4
417 47 1
167 165 4
167 164 4
160 158 4
154 153 163840
153 151 40960
151 150 10240
126 123 4
22 19 100352000
96 95 256
417 361 1
150 147 2560
146 144 4
417 141 1
192 191 4
141 139 160
407 402 1
403 402 64
405 402 64
219 210 256
239 210 16
205 203 4255121408
333 332 1480589312
147 146 640
116 113 1280000
133 130 4
344 343 39337984
357 356 16
358 356 16
404 356 256
407 399 1
403 399 64
405 399 64
361 360 16
362 360 16
406 360 256
126 125 4
126 124 4
196 194 4
160 157 4
117 116 5120000
19 18 25088000
221 220 1024
161 160 640
11 7 64
230 228 1
231 228 256
127 126 320000
113 112 320000
203 182 1605632000
268 182 1744830464
188 182 1605632000
185 182 1605632000
293 182 1605632000
200 182 1605632000
292 182 1605632000
262 182 1605632000
32 29 4
153 152 40960
94 93 16
112 110 4
80 48 9834496
67 48 32000
74 48 32000
56 48 128000
53 48 32000
83 80 39337984
47 45 8000
401 311 25088000
73 72 4
214 208 16
218 208 64
212 208 16
134 133 320000
39 36 4
230 229 1
232 229 256
304 301 1
305 301 100352000
66 64 4
259 251 4096
417 385 1
399 395 39337984
401 395 25088000
402 395 256
400 395 8000
197 196 16
32 31 4
210 209 4
141 140 160
402 140 256
142 140 160
53 52 32000
325 86 16
332 86 2517630976
331 86 629407744
98 86 157351936
327 86 1627389952
96 86 256
119 117 20480000
23 22 401408000
32 30 4
94 92 16
269 268 4
314 313 40
320 313 16384
107 105 80000
13 11 6272000
18 16 4
18 17 4
26 25 2127560704
316 314 4
319 314 4
25 24 1605632000
255 253 1
256 253 1024
56 53 128000
93 91 4
10 8 16
417 13 1
52 50 4
206 205 3976200192
279 205 3976200192
281 205 3976200192
66 63 4
402 306 256
3 2 125440
173 99 1568000
308 99 1568000
33 32 25088000
3 0 125440
79 0 2458624
351 0 2458624
97 96 1024
251 250 1024
417 357 1
190 188 4
260 188 4255121408
25 23 1605632000
39 37 4
112 111 4
18 15 4
9 6 4
168 167 640
205 204 4255121408
246 245 64
247 245 64
181 1 640
182 1 200704000
410 1 16000
299 298 40
303 298 16
314 312 40
317 312 2517630976
321 320 1
323 320 65536
192 180 4
188 180 1605632000
265 180 1744830464
266 265 4
98 83 157351936
330 83 157351936
89 83 157351936
324 83 157351936
339 83 1480589312
105 104 64
10 9 16
245 238 1
246 238 64
52 51 4
282 280 4
285 280 4
52 49 4
39 38 4
259 258 4096
261 259 3976200192
264 263 40
270 263 16
271 267 1
272 267 3976200192
295 294 3019898880
365 363 6272000
277 275 1073741824
319 318 4
280 279 40
286 279 1744830464
283 282 16
334 326 4
328 326 4
228 227 64
229 227 64
282 281 4
267 266 4255121408
66 65 4
286 285 1744830464
337 336 2517630976
338 336 256
361 359 16
287 286 1
289 286 1073741824
342 340 40
344 340 39337984
304 303 1
306 303 64
315 310 25088000
318 310 629407744
316 315 4
295 272 3019898880
322 321 1480589312
323 321 65536
291 289 4
287 283 1
288 283 64
277 276 1073741824
352 351 1
354 351 9834496
133 132 4
146 143 4
326 324 40
329 324 629407744
275 274 4096
272 271 3976200192
273 271 64
343 342 4
345 342 4
348 347 157351936
349 347 64
303 302 16
332 331 2517630976
417 373 1
385 383 80000
373 371 8000
399 398 39337984
401 398 25088000
402 398 256
400 398 8000
331 330 629407744
271 270 1
273 270 64
339 337 1480589312
378 376 8000
377 376 8000
400 376 8000
417 369 1
381 379 80000
385 384 80000
386 384 80000
401 384 25088000
405 397 64
399 397 39337984
400 397 8000
402 397 256
401 397 25088000
231 230 256
232 230 256
400 358 8000
402 358 256
401 358 25088000
403 358 64
399 358 39337984
309 307 1
310 307 6272000
410 409 16000
406 405 256
402 388 256
389 388 160
390 388 160
74 73 32000
409 408 2000
413 411 8000
329 328 629407744
407 400 1
403 400 64
405 400 64
346 345 16
407 406 1
417 377 1
389 387 160
417 389 1
407 404 1
357 355 16
308 305 1568000
307 305 1568000
413 412 8000
399 364 39337984
365 364 6272000
366 364 6272000
261 260 3976200192
374 372 8000
373 372 8000
400 372 8000
269 264 4
266 264 4
399 354 39337984
328 327 4
347 346 1
349 346 64
407 401 1
403 401 64
405 401 64
338 335 256
336 335 1
399 368 39337984
369 368 6272000
370 368 6272000
334 333 4
400 349 8000
311 309 6272000
310 309 6272000
411 410 2000
350 348 2458624
351 348 2458624
394 392 160
402 392 256
393 392 160
322 317 1480589312
321 317 1
337 329 2517630976
336 329 1
347 344 1
348 344 157351936
381 380 80000
382 380 80000
401 380 25088000
285 284 4
257 254 1024
255 254 1
251 249 1024
249 248 256
253 247 256
254 247 256
133 131 4
238 237 16
249 246 256
245 244 1
247 244 64
244 243 16
243 242 4
257 255 1024
256 255 1024
242 241 4096
241 240 1024
240 239 256
237 235 4
243 235 4
404 403 256
281 277 3976200192
284 277 0
296 293 2684354560
235 234 40
244 234 16
11 10 64
236 231 1024
242 231 4096
112 109 4
104 103 16
226 225 4
95 94 64
270 269 16
212 211 16
95 90 64
93 90 4
264 262 40
267 262 4255121408
92 89 4
14 12 6272000
399 12 39337984
13 12 6272000
107 106 80000
108 106 80000
401 106 25088000
301 300 25088000
177 174 25088000
300 296 4
302 296 4
300 299 4
302 299 4
296 295 2684354560
80 79 9834496
340 79 9834496
400 396 8000
402 396 256
401 396 25088000
403 396 64
399 396 39337984
417 365 1
312 98 629407744
99 98 629407744
318 98 629407744
377 375 8000
105 101 64
275 257 4096
417 393 1
48 46 8000
47 46 8000
400 46 8000
206 197 3976200192
284 197 0
73 70 4
119 118 20480000
146 145 4
67 66 32000
221 212 1024
228 212 64
229 212 64
320 319 16384
301 297 25088000
299 297 40
173 108 1568000
113 108 320000
307 108 1568000
116 108 1280000
127 108 320000
134 108 320000
60 59 8192000
343 339 4
345 339 4
268 261 1744830464
265 261 1744830464
59 58 2048000
218 217 64
317 316 2517630976
217 216 4
405 362 64
399 362 39337984
400 362 8000
402 362 256
401 362 25088000
219 218 256
240 218 256
236 218 1024
241 218 1024
59 57 2048000
313 97 4096
99 97 629407744
315 97 25088000
342 341 40
346 341 16
289 287 1073741824
288 287 64
57 56 512000
73 71 4
311 308 6272000
309 308 1
237 236 4
103 100 4
291 290 4
168 142 640
147 142 640
174 142 6272000
161 142 640
150 142 2560
