0
389 527
0 111
413 2000 2 4 412 2000 411 
409 500 2 4 408 25088000 177 
408 1 0 
406 64 2 64 405 4 360 
405 16 6 256 402 25088000 401 4 397 16 362 39337984 399 8000 400 
404 64 2 64 403 4 356 
400 2000 10 64 349 4 397 4 396 4 395 16 362 2000 46 4 398 16 358 2000 372 2000 376 
397 1 0 
390 40 1 40 388 
389 40 2 40 387 40 388 
388 1 0 
384 1 0 
387 1 0 
377 2000 2 2000 375 2000 376 
376 1 0 
383 1 0 
373 2000 2 2000 371 2000 372 
398 1 0 
371 1 0 
370 1568000 1 1568000 368 
379 1 0 
369 1568000 2 1568000 367 1568000 368 
412 1 0 
364 1 0 
363 1 0 
359 1 0 
354 2458624 2 1 352 2458624 351 
368 1 0 
353 2458624 2 1 352 2458624 350 
349 16 2 1 347 16 346 
392 1 0 
348 39337984 2 1 347 39337984 344 
347 1 2 16 346 39337984 344 
401 6272000 10 6272000 311 4 397 4 396 4 395 16 362 4 398 16 358 20000 380 20000 106 20000 384 
346 4 2 4 341 4 345 
345 1480589312 2 40 342 1480589312 339 
380 1 0 
344 9834496 2 9834496 340 4 343 
342 10 2 4 341 9834496 340 
340 2458624 1 2458624 79 
336 1 2 64 335 629407744 329 
338 64 2 1 336 64 335 
335 16 2 16 325 4 334 
333 2517630976 2 2517630976 332 1480589312 322 
331 157351936 2 4 86 157351936 330 
329 157351936 2 157351936 324 4 328 
411 16279500 1 16000 410 
328 1627389952 2 40 326 1627389952 327 
327 1480589312 2 4 86 1480589312 322 
326 10 2 16 325 157351936 324 
324 39337984 1 39337984 83 
323 16384 2 1 321 16384 320 
321 1 2 16384 320 2517630976 317 
318 157351936 2 6272000 310 157351936 98 
378 2000 1 2000 376 
317 629407744 2 629407744 312 4 316 
315 6272000 2 1024 97 6272000 310 
310 1568000 2 1 309 1568000 307 
410 2000 2 80 1 2000 409 
309 1 2 1568000 308 1568000 307 
358 4 1 4 356 
307 3920000 2 80000 108 100352000 305 
355 1 0 
305 25088000 2 1 304 25088000 301 
303 4 2 4 298 4 302 
302 2684354560 2 40 299 2684354560 296 
292 200704000 1 200704000 182 
288 16 2 1 287 16 283 
286 3976200192 2 3976200192 279 4 285 
285 40 2 40 280 0 284 
284 1073741824 2 1073741824 277 16 197 
289 1744830464 2 1 287 1744830464 286 
283 4 2 4 278 4 282 
282 3976200192 2 40 280 3976200192 281 
281 4255121408 2 4255121408 205 1073741824 277 
279 4255121408 1 4255121408 205 
351 481890304 2 157351936 348 31360 0 
276 3976200192 1 3976200192 206 
275 1024 2 4 274 1024 257 
274 1 0 
273 16 2 1 271 16 270 
272 4255121408 2 1 271 4255121408 267 
271 1 2 16 270 4255121408 267 
337 629407744 2 1 336 629407744 329 
330 39337984 1 39337984 83 
270 4 2 4 263 4 269 
294 1 0 
267 1605632000 2 1605632000 262 4 266 
266 1744830464 2 40 264 1744830464 265 
372 1 0 
264 10 2 4 263 1605632000 262 
263 1 0 
260 1605632000 1 1605632000 188 
259 1024 2 4 258 1024 251 
258 1 0 
256 256 2 1 255 256 253 
417 1 14 80000 385 80000 381 8000 47 8000 373 160 389 160 141 160 393 16 357 16 361 6272000 365 80000 107 6272000 13 6272000 369 8000 377 
254 64 3 64 247 4 252 16 214 
249 64 2 4 248 64 246 
248 1 0 
247 16 2 1 245 16 244 
246 16 2 1 245 16 238 
244 4 2 4 234 4 243 
243 4096 2 40 235 4096 242 
242 1024 2 1024 241 256 231 
255 1 2 256 254 256 253 
241 256 2 64 218 256 240 
240 64 2 64 218 16 239 
239 4 1 4 210 
403 16 6 256 402 25088000 401 16 358 4 396 8000 400 39337984 399 
277 1744830464 2 1744830464 276 4096 275 
235 10 2 4 234 4 233 
293 200704000 1 200704000 182 
234 1 0 
232 64 2 1 230 64 229 
231 64 2 1 230 64 228 
230 1 2 64 229 64 228 
227 1 0 
109 1 0 
103 1 1 8 100 
43 1 0 
154 40960 1 40960 153 
386 20000 1 20000 384 
225 1 0 
94 4 2 4 93 4 92 
269 1744830464 2 40 264 1744830464 268 
211 1 1 1 187 
120 20480000 1 20480000 119 
10 4 2 4 8 4 9 
90 1 0 
262 200704000 1 200704000 182 
89 39337984 1 39337984 83 
12 1 0 
106 1 0 
300 2684354560 2 40 299 2684354560 296 
87 1 0 
132 1 0 
143 1 0 
296 3019898880 2 1605632000 293 3019898880 295 
174 1568000 2 160 142 1568000 173 
299 10 2 4 298 6272000 297 
295 1 2 4 294 3976200192 272 
79 307328000 2 6272000 14 31360 0 
74 8000 2 4 73 8000 48 
257 256 2 1 255 256 254 
101 1 0 
73 1 3 4 72 4 70 4 71 
396 1 0 
181 80 1 80 1 
393 40 2 40 391 40 392 
46 1 0 
197 4 3 4 196 4 193 4 192 
70 1 0 
68 1 0 
118 1 0 
145 1 0 
67 8000 2 4 66 8000 48 
66 1 3 4 65 4 63 4 64 
65 1 0 
319 629407744 2 40 314 629407744 318 
297 1568000 1 1568000 173 
212 4 2 4 211 4 208 
61 1 0 
108 20000 1 20000 106 
366 1568000 1 1568000 364 
171 1 0 
60 2048000 1 2048000 59 
59 512000 2 4 58 512000 57 
339 2517630976 2 39337984 83 2517630976 337 
261 4255121408 2 4255121408 260 4096 259 
58 1 0 
316 25088000 2 40 314 25088000 315 
217 1 2 4 216 4 215 
291 1073741824 2 4 290 1073741824 289 
57 128000 1 128000 56 
216 1 1 1 187 
362 4 1 4 360 
218 16 3 4 208 4 217 16 214 
374 2000 1 2000 372 
185 200704000 1 200704000 182 
97 256 1 256 96 
341 1 0 
287 1 2 1744830464 286 16 283 
56 32000 2 32000 53 8000 48 
308 307328000 2 100352000 305 629407744 99 
71 1 0 
169 1 0 
236 256 2 64 218 256 231 
100 1 0 
290 1 0 
34 1 0 
142 40 1 40 140 
375 1 0 
365 1568000 2 1568000 363 1568000 364 
81 1 0 
98 39337984 2 4 86 39337984 83 
237 1024 2 40 235 1024 236 
131 1 0 
38 1 0 
49 1 0 
280 10 2 3976200192 279 4 278 
51 1 0 
238 4 2 4 233 4 237 
9 1 1 8 6 
104 4 2 4 102 4 103 
83 9834496 1 9834496 80 
265 3976200192 2 4 180 3976200192 261 
180 1 0 
320 4096 2 4096 313 4 319 
312 157351936 1 157351936 98 
298 1 0 
1 1 0 
245 1 2 16 244 16 238 
204 1 2 1 202 1 187 
148 1 0 
178 1 0 
167 1 3 4 166 4 164 4 165 
6 1 0 
15 1 0 
40 6272000 2 4 39 6272000 14 
111 1 0 
54 1 0 
37 1 0 
183 1 0 
23 100352000 1 100352000 22 
188 200704000 3 1 187 4 180 200704000 182 
357 4 2 4 355 4 356 
250 1 0 
96 64 2 64 95 4 86 
20 1 0 
0 1 0 
32 1 3 4 31 4 29 4 30 
77 1 0 
99 157351936 2 1024 97 157351936 98 
2 1 0 
306 16 2 1 304 16 303 
63 1 0 
205 1605632000 2 4 204 1605632000 203 
50 1 0 
13 1568000 2 64 11 1568000 12 
8 1 0 
91 1 0 
53 8000 2 4 52 8000 48 
253 64 3 4 252 64 247 16 214 
24 1 0 
314 10 2 4096 313 629407744 312 
25 401408000 2 8 24 401408000 23 
4 1 0 
222 1 0 
17 1 0 
16 1 0 
11 16 2 4 7 16 10 
105 16 2 4 101 16 104 
313 1024 1 1024 97 
268 3976200192 2 3976200192 261 200704000 182 
92 157351936 1 157351936 89 
26 1605632000 1 1605632000 25 
30 1 0 
22 25088000 2 25088000 19 6272000 14 
117 1280000 1 1280000 116 
86 1 0 
52 1 3 4 51 4 49 4 50 
199 1 1 1 187 
140 1 0 
209 1 1 1 187 
31 1 0 
196 1 2 4 195 4 194 
395 1 0 
385 20000 2 20000 383 20000 384 
251 256 2 4 250 256 249 
162 1 0 
64 1 0 
301 6272000 2 6272000 297 4 300 
33 6272000 2 4 32 6272000 14 
229 16 3 4 226 4 227 16 212 
36 1 0 
84 1 0 
133 1 3 4 132 4 130 4 131 
208 3976200192 2 4 207 3976200192 206 
382 20000 1 20000 380 
72 1 0 
311 1568000 2 1 309 1568000 308 
75 1 0 
45 1 0 
80 2458624 2 8000 48 2458624 79 
48 2000 1 2000 46 
110 1 0 
93 1 2 4 90 4 91 
152 1 0 
29 1 0 
3 31360 2 16 2 31360 0 
182 25088000 2 80 1 25088000 177 
112 1 3 4 111 4 109 4 110 
126 1 3 4 125 4 123 4 124 
228 16 3 4 227 4 226 16 212 
7 1 0 
114 1 0 
160 1 3 4 159 4 157 4 158 
220 1 1 1 187 
18 1 3 4 17 4 15 4 16 
116 320000 2 320000 113 80000 108 
137 1 0 
157 1 0 
194 1 1 1 187 
121 1 0 
124 1 0 
125 1 0 
360 1 0 
127 80000 2 4 126 80000 108 
399 9834496 10 9834496 354 4 397 4 396 16 362 1568000 12 4 395 1568000 364 1568000 368 4 398 16 358 
356 1 0 
128 1 0 
343 1480589312 2 40 342 1480589312 339 
130 1 0 
134 80000 2 4 133 80000 108 
113 80000 2 4 112 80000 108 
146 1 3 4 145 4 143 4 144 
155 1 0 
332 629407744 2 4 86 629407744 331 
41 1 0 
203 200704000 3 1 202 1 187 200704000 182 
210 4 2 4 209 4 190 
402 64 10 64 306 16 362 4 395 40 140 4 396 40 388 4 397 40 392 4 398 16 358 
135 1 0 
139 1 0 
191 1 1 1 187 
141 40 2 40 139 40 140 
144 1 0 
147 160 2 4 146 160 142 
361 4 2 4 359 4 360 
95 16 2 4 90 16 94 
19 6272000 2 4 18 6272000 14 
123 1 0 
150 640 2 640 147 160 142 
151 2560 1 2560 150 
153 10240 2 4 152 10240 151 
158 1 0 
414 1 0 
221 256 3 4 220 256 219 16 212 
161 160 2 4 160 160 142 
27 1 0 
164 1 0 
165 1 0 
47 2000 2 2000 45 2000 46 
166 1 0 
168 160 2 4 167 160 142 
394 40 1 40 392 
367 1 0 
278 1 0 
173 3920000 2 80000 108 629407744 99 
252 1 0 
39 1 3 4 38 4 36 4 37 
175 1 0 
187 1 0 
177 6272000 1 6272000 174 
184 1 0 
322 2517630976 2 1 321 2517630976 317 
186 1 0 
213 1 1 1 187 
334 1480589312 2 40 326 1480589312 333 
14 1568000 1 1568000 12 
190 1605632000 2 4 189 1605632000 188 
350 307328000 2 6272000 14 157351936 348 
226 1 2 4 225 4 224 
192 1 2 4 191 4 180 
159 1 0 
193 1 1 1 187 
407 1 6 256 406 256 404 39337984 399 8000 400 256 402 25088000 401 
195 1 1 1 187 
352 1 2 2458624 351 2458624 350 
198 1 1 1 187 
200 200704000 2 1 187 200704000 182 
391 1 0 
381 20000 2 20000 379 20000 380 
189 1 1 1 187 
201 1 1 1 187 
202 1 1 1 187 
206 4255121408 2 4255121408 205 16 197 
207 1 1 1 187 
119 5120000 2 8 118 5120000 117 
214 4 2 4 213 4 208 
102 1 0 
215 1 1 1 187 
107 20000 2 64 105 20000 106 
219 64 2 64 218 4 210 
325 4 1 4 86 
304 1 2 16 303 25088000 301 
233 1 0 
224 1 0 
