417 597 11
10192	
13	
4	
10192	0 40768	2 16	
1	
1	4 1	3 40768	
2	
1	
1	
392000	6 8	
392000	9 1568000	8 4	
392000	10 1568000	7 4	
392000	
392000	12 1568000	11 1568000	
392000	12 1568000	
1	
1	
1	
1	16 4	15 4	17 4	
392000	14 1568000	18 8	
1	
1	20 1	19 4	
392000	14 1568000	19 4	
392000	22 1568000	
2	
392000	23 1568000	24 8	
1	25 4	
1	
1	27 1	26 4	
1	
1	
1	
1	30 4	29 4	31 4	
1	14 1568000	32 8	
1	
1	34 1	33 4	
1	
1	
1	
1	37 4	36 4	38 4	
1	14 1568000	39 8	
1	
1	41 1	40 4	
1	
1	43 1	14 1568000	
500	
500	
500	46 2000	45 2000	
500	46 2000	
1	
1	
1	
1	50 4	49 4	51 4	
500	48 2000	52 4	
1	
1	54 1	53 4	
500	48 2000	53 4	
500	56 2000	
1	
500	57 2000	58 4	
1	59 4	
1	
1	61 1	60 4	
1	
1	
1	
1	64 4	63 4	65 4	
1	48 2000	66 4	
1	
1	68 1	67 4	
1	
1	
1	
1	71 4	70 4	72 4	
1	48 2000	73 4	
1	
1	75 1	74 4	
1	
1	77 1	48 2000	
5096000	0 40768	14 1568000	
6500	79 26000	48 2000	
1	
1	81 1	80 26000	
6500	80 26000	
1	
1	84 1	83 26000	
13	
1	
1	87 1	86 52	
1	83 26000	
1	
1	
6500	89 8	
1	91 4	90 4	
6500	92 26000	93 4	
6500	94 26000	90 4	
6500	86 52	95 26000	
6500	96 26000	
6500	83 26000	86 52	
6500	98 26000	97 26000	
2	
1	
1	
5000	100 8	
5000	103 20000	102 4	
5000	104 20000	101 4	
5000	
5000	106 20000	105 20000	
5000	106 20000	
1	
1	
1	
1	110 4	109 4	111 4	
5000	108 20000	112 8	
1	
1	114 1	113 4	
5000	108 20000	113 4	
5000	116 20000	
2	
5000	117 20000	118 8	
1	119 4	
1	
1	121 1	120 4	
1	
1	
1	
1	124 4	123 4	125 4	
1	108 20000	126 8	
1	
1	128 1	127 4	
1	
1	
1	
1	131 4	130 4	132 4	
1	108 20000	133 8	
1	
1	135 1	134 4	
1	
1	137 1	108 20000	
10	
10	
10	140 40	139 40	
10	140 40	
1	
1	
1	
1	144 4	143 4	145 4	
10	142 40	146 4	
1	
1	148 1	147 4	
10	142 40	147 4	
10	150 40	
1	
10	151 40	152 4	
1	153 4	
1	
1	155 1	154 4	
1	
1	
1	
1	158 4	157 4	159 4	
1	142 40	160 4	
1	
1	162 1	161 4	
1	
1	
1	
1	165 4	164 4	166 4	
1	142 40	167 4	
1	
1	169 1	168 4	
1	
1	171 1	142 40	
65000	99 26000	108 20000	
130	173 520	142 40	
1	
1	175 1	174 520	
130	174 520	
1	
1	178 1	177 520	
1	
1	1 104	
13	177 520	1 104	
1	
1	
1	182 52	
1	
1	
13	182 52	180 4	187 4	
1	187 4	
13	188 52	189 4	
1	187 4	
1	180 4	191 4	
1	187 4	
1	187 4	
1	187 4	
1	194 4	195 4	
1	192 4	193 4	196 4	
1	187 4	
1	187 4	
1	182 52	187 4	
1	187 4	
1	187 4	
1	182 52	187 4	202 4	
1	187 4	202 4	
13	203 4	204 4	
13	197 4	205 52	
1	187 4	
13	206 52	207 4	
1	187 4	
1	190 4	209 4	
1	187 4	
1	208 4	211 4	
1	187 4	
1	208 4	213 4	
1	187 4	
1	187 4	
1	215 4	216 4	
1	214 4	217 4	208 4	
1	210 4	218 4	
1	187 4	
1	212 4	219 4	220 4	
1	
1	222 1	221 4	
1	
1	
1	224 4	225 4	
1	
1	212 4	226 4	227 4	
1	212 4	227 4	226 4	
1	228 4	229 4	
1	228 4	230 4	
1	229 4	230 4	
1	
1	
13	233 4	234 4	
1	231 4	218 4	
1	236 4	235 52	
1	237 4	233 4	
1	210 4	
1	239 4	218 4	
1	240 4	218 4	
1	231 4	241 4	
1	242 4	235 52	
1	243 4	234 4	
1	238 4	244 4	
1	238 4	245 4	
1	244 4	245 4	
1	
1	246 4	248 4	
1	
1	249 4	250 4	
1	
1	214 4	247 4	252 4	
1	214 4	252 4	247 4	
1	253 4	254 4	
1	253 4	255 4	
1	254 4	255 4	
1	
1	251 4	258 4	
1	188 52	
13	259 4	260 4	
1	182 52	
1	
13	262 4	263 4	
13	261 52	180 4	
1	265 52	264 52	
13	266 52	262 4	
13	182 52	261 52	
1	268 52	264 52	
1	269 52	263 4	
1	267 52	270 4	
13	267 52	271 4	
1	270 4	271 4	
1	
1	257 4	274 4	
1	206 52	
13	275 4	276 4	
1	
1	205 52	
13	278 4	279 4	
13	277 52	205 52	
1	281 52	280 52	
1	282 52	278 4	
13	197 4	277 52	
1	284 52	280 52	
13	285 52	279 4	
1	283 4	286 52	
1	283 4	287 4	
13	286 52	287 4	
1	
13	289 52	290 4	
130	182 52	
130	182 52	
1	
1	272 52	294 4	
130	295 52	293 520	
1	173 520	
1	
13	297 8	298 4	
1	296 520	299 52	
130	300 520	297 8	
1	296 520	299 52	
10	302 520	298 4	
1	301 520	303 40	
130	301 520	304 4	
10	303 40	304 4	
65000	305 520	108 20000	
65000	99 26000	305 520	
1	307 26000	308 520	
6500	307 26000	309 4	
130	308 520	309 4	
1	98 26000	
1	97 26000	
13	312 52	313 52	
6500	310 26000	97 26000	
1	315 26000	314 52	
6500	316 26000	312 52	
6500	98 26000	310 26000	
1	318 26000	314 52	
6500	319 26000	313 52	
1	317 26000	320 26000	
6500	317 26000	321 4	
6500	320 26000	321 4	
1	83 26000	
1	86 52	
13	324 8	325 52	
6500	322 26000	86 52	
1	327 26000	326 52	
6500	328 26000	324 8	
6500	83 26000	
6500	330 26000	86 52	
6500	331 26000	86 52	
6500	322 26000	332 26000	
1	333 26000	326 52	
6500	334 26000	325 52	
1	329 26000	335 26000	
6500	329 26000	336 4	
6500	335 26000	336 4	
6500	337 26000	83 26000	
1	79 26000	
1	
13	340 8	341 4	
1	339 26000	342 52	
6500	343 26000	340 8	
1	339 26000	342 52	
500	345 26000	341 4	
1	344 26000	346 2000	
6500	344 26000	347 4	
500	346 2000	347 4	
5096000	348 26000	14 1568000	
5096000	0 40768	348 26000	
1	350 40768	351 1568000	
10192	350 40768	352 4	
392000	351 1568000	352 4	
1	
1	
1	356 4	355 4	
1	356 4	
1	
1	
1	360 4	359 4	
1	360 4	
392000	
392000	
392000	364 1568000	363 1568000	
392000	364 1568000	
392000	
392000	
392000	368 1568000	367 1568000	
392000	368 1568000	
500	
500	
500	372 2000	371 2000	
500	372 2000	
500	
500	
500	376 2000	375 2000	
500	376 2000	
5000	
5000	
5000	380 20000	379 20000	
5000	380 20000	
5000	
5000	
5000	384 20000	383 20000	
5000	384 20000	
10	
10	
10	388 40	387 40	
10	388 40	
10	
10	
10	392 40	391 40	
10	392 40	
1	
1	
1	
1	
392000	12 1568000	364 1568000	368 1568000	358 4	362 4	395 4	396 4	397 4	398 4	354 1568000	
500	46 2000	372 2000	376 2000	358 4	362 4	395 4	396 4	397 4	398 4	349 2000	
5000	106 20000	380 20000	384 20000	358 4	362 4	395 4	396 4	397 4	398 4	311 520	
10	140 40	388 40	392 40	358 4	362 4	395 4	396 4	397 4	398 4	306 40	
1	358 4	396 4	399 1568000	400 2000	401 20000	402 40	
1	356 4	403 4	
1	362 4	397 4	399 1568000	400 2000	401 20000	402 40	
1	360 4	405 4	
1	399 1568000	400 2000	401 20000	402 40	404 4	406 4	
1	
130	177 520	408 4	
13	409 52	1 104	
13	410 52	
1	
13	411 52	412 4	
1	
1	414 1	413 4	
1	5 4	21 4	28 4	35 4	42 4	44 4	55 4	62 4	69 4	76 4	78 4	82 4	85 4	88 4	115 4	122 4	129 4	136 4	138 4	149 4	156 4	163 4	170 4	172 4	176 4	179 4	223 4	415 4	
