3660 5531 11
1	
1	
1	
1	0 4	2 1	
1	
1	
1	
1	4 4	6 1	
1	
1	
1	
1	
1	
1	
1	
1	
1	0 4	15 1	1 8	
1	16 4	
1	
1	4 4	18 1	5 8	
1	19 4	
1	
1	4 4	21 1	5 8	
1	22 4	
1	
1	
1	
1	
1	
1	
1	
1	
1	
1	
1	
1	
1	
1	
1	
1	
1	
1	
1	
1	
1	
1	43 8	44 8	26 8	
1	8 1	9 1	10 8	
1	11 1	12 1	13 8	
1	46 4	47 4	
1	45 4	48 4	
1	49 4	24 8	25 8	
1	50 4	
1	51 4	14 8	
1	52 4	27 8	28 8	29 8	
1	53 4	30 4	
1	54 4	31 8	
1	55 4	
1	56 4	32 4	
1	57 4	33 8	
1	58 4	34 4	
1	59 4	35 8	
1	60 4	0 4	1 8	4 4	5 8	36 4	
1	61 4	37 8	
1	62 4	20 4	23 4	38 4	
1	63 4	39 8	
1	64 4	40 4	
1	65 4	41 8	
1	66 4	17 4	23 4	
1	67 4	42 4	
1	42 4	
2	
1	
1	
37425152	70 8	
1	72 4	71 4	
37425152	73 149700608	74 4	
37425152	75 149700608	71 4	
37425152	
37425152	77 149700608	76 149700608	
37425152	77 149700608	
2	
1	
1	
37425152	80 8	
1	82 4	81 4	
37425152	83 149700608	84 4	
37425152	85 149700608	81 4	
37425152	
37425152	87 149700608	86 149700608	
37425152	87 149700608	
1	69 676	
1	69 676	
1	
1	91 4	92 4	
1	
1	
1	94 4	91 4	95 4	
2	93 4	96 8	
169	69 676	97 8	
173056	79 149700608	98 676	
1	
1	
1	
1	
1	
1	
13	69 676	
1	99 692224	
1	
1	
1	
1	107 12	108 4	109 4	110 4	
1	
1	111 4	112 4	
1	
1	
2	113 4	114 4	115 4	
1	
13312	116 8	117 4	
1	
1	111 4	119 4	
1	
1	
1	111 4	122 4	
1	
1	
2	123 4	124 4	125 4	
1	
13312	126 8	127 4	
1	
1	111 4	129 4	
1	
1	106 52	
1	111 4	
1	132 4	133 4	
1	
1	134 4	135 4	
1	
1	
1	
1	
1	136 4	139 1	133 4	140 1	132 4	
13	106 52	141 4	
1	99 692224	
1	
1	
1	
1	143 12	144 4	145 4	146 4	
1	99 692224	
1	
1	
1	
1	148 12	149 4	150 4	151 4	
1	
1	152 4	153 4	
1	
1	
2	154 4	155 4	156 4	
1	
13312	157 8	158 4	
1	
1	142 52	160 4	
1	
1	142 52	162 4	
1	
2	147 4	
2	147 4	
1	99 692224	
1	
1	
1	
1	167 12	168 4	169 4	170 4	
1	
1	
1	172 4	171 4	173 4	
1	166 8	174 52	99 692224	166 8	
1	164 4	
1	165 8	
13312	118 53248	
13312	128 53248	
1	176 4	256 4	
1	177 4	257 4	
13312	178 53248	258 53248	
13312	179 53248	259 53248	
1	147 4	
1	180 4	184 4	
1	185 4	
1	180 4	186 4	
1	181 4	186 4	
13312	182 53248	186 4	
13312	183 53248	186 4	
1	187 4	
1	188 4	
13312	189 53248	
13312	190 53248	
2	166 8	
1	175 4	
13312	195 8	191 4	196 4	
1	191 4	
1	197 53248	
1	191 4	
1	191 4	
13312	199 8	
1	201 4	200 4	
13312	202 53248	203 4	
13312	204 53248	200 4	
13312	198 4	205 53248	
13312	206 53248	
13312	197 53248	198 4	
13312	208 53248	207 53248	
2	
1	
1	
8388608	210 8	
1	212 4	211 4	
8388608	213 33554432	214 4	
8388608	215 33554432	211 4	
8388608	
8388608	217 33554432	216 33554432	
8388608	217 33554432	
4096	
4096	
4096	221 16384	220 16384	
4096	221 16384	
1	191 4	
26624	209 53248	194 53248	224 4	
8388608	219 33554432	
109051904	225 106496	226 33554432	
4096	223 16384	
53248	227 212992	228 16384	
1	191 4	
1	191 4	
13312	231 4	229 212992	
1	191 4	
13312	232 53248	233 4	
13312	234 53248	
13312	193 53248	235 53248	
13312	232 53248	
13312	232 53248	
13312	237 53248	238 53248	
13312	236 53248	239 53248	
13312	240 53248	
13312	232 53248	
13312	241 53248	242 53248	
13	142 52	
13	191 4	244 52	
13312	159 53248	
13312	245 52	246 53248	243 53248	
13	191 4	244 52	
13312	248 52	193 53248	240 53248	
13	191 4	244 52	
13312	250 52	194 53248	243 53248	
2	165 8	
1	252 8	191 4	247 53248	192 4	
1	191 4	
1	191 4	254 4	
1	255 4	
1	253 4	
13312	249 53248	
13312	251 53248	
1	187 4	
1	188 4	
1	189 53248	
1	190 53248	
1	165 8	261 4	
1	
1	
1	265 4	264 4	266 4	
173056	165 8	267 52	261 4	
1	
173056	99 692224	69 676	
13	69 676	
1	270 692224	
1	
1	
1	
1	272 12	273 4	274 4	275 4	
1	
1	276 4	277 4	
1	
1	
2	278 4	279 4	280 4	
1	
13312	281 8	282 4	
1	
1	276 4	284 4	
1	
1	
1	276 4	287 4	
1	
1	
2	288 4	289 4	290 4	
1	
13312	291 8	292 4	
1	
1	276 4	294 4	
1	
1	271 52	
1	276 4	
1	297 4	298 4	
1	
1	299 4	300 4	
1	
1	
1	
1	
1	301 4	304 1	298 4	305 1	297 4	
13	271 52	306 4	
1	270 692224	
1	
1	
1	
1	308 12	309 4	310 4	311 4	
1	270 692224	
1	
1	
1	
1	313 12	314 4	315 4	316 4	
1	
1	317 4	318 4	
1	
1	
2	319 4	320 4	321 4	
1	
13312	322 8	323 4	
1	
1	307 52	325 4	
1	
1	307 52	327 4	
1	
2	312 4	
2	312 4	
1	270 692224	
1	
1	
1	
1	332 12	333 4	334 4	335 4	
1	
1	
1	337 4	336 4	338 4	
1	331 8	339 52	270 692224	331 8	
1	329 4	
1	330 8	
13312	283 53248	
13312	293 53248	
1	341 4	421 4	
1	342 4	422 4	
13312	343 53248	423 53248	
13312	344 53248	424 53248	
1	312 4	
1	345 4	349 4	
1	350 4	
1	345 4	351 4	
1	346 4	351 4	
13312	347 53248	351 4	
13312	348 53248	351 4	
1	352 4	
1	353 4	
13312	354 53248	
13312	355 53248	
2	331 8	
1	340 4	
13312	360 8	356 4	361 4	
1	356 4	
1	362 53248	
1	356 4	
1	356 4	
13312	364 8	
1	366 4	365 4	
13312	367 53248	368 4	
13312	369 53248	365 4	
13312	363 4	370 53248	
13312	371 53248	
13312	362 53248	363 4	
13312	373 53248	372 53248	
2	
1	
1	
8388608	375 8	
1	377 4	376 4	
8388608	378 33554432	379 4	
8388608	380 33554432	376 4	
8388608	
8388608	382 33554432	381 33554432	
8388608	382 33554432	
4096	
4096	
4096	386 16384	385 16384	
4096	386 16384	
1	356 4	
26624	374 53248	359 53248	389 4	
8388608	384 33554432	
109051904	390 106496	391 33554432	
4096	388 16384	
53248	392 212992	393 16384	
1	356 4	
1	356 4	
13312	396 4	394 212992	
1	356 4	
13312	397 53248	398 4	
13312	399 53248	
13312	358 53248	400 53248	
13312	397 53248	
13312	397 53248	
13312	402 53248	403 53248	
13312	401 53248	404 53248	
13312	405 53248	
13312	397 53248	
13312	406 53248	407 53248	
13	307 52	
13	356 4	409 52	
13312	324 53248	
13312	410 52	411 53248	408 53248	
13	356 4	409 52	
13312	413 52	358 53248	405 53248	
13	356 4	409 52	
13312	415 52	359 53248	408 53248	
2	330 8	
1	417 8	356 4	412 53248	357 4	
1	356 4	
1	356 4	419 4	
1	420 4	
1	418 4	
13312	414 53248	
13312	416 53248	
1	352 4	
1	353 4	
1	354 53248	
1	355 53248	
1	330 8	426 4	
1	
1	
1	430 4	429 4	431 4	
173056	330 8	432 52	426 4	
1	
173056	433 692224	69 676	
1	
346112	268 692224	435 692224	436 4	
1	
1	
1	
13	69 676	
1	437 1384448	
1	
1	
1	
1	442 12	443 4	444 4	445 4	
1	
1	446 4	447 4	
1	
1	
2	448 4	449 4	450 4	
1	
13312	451 8	452 4	
1	
1	446 4	454 4	
1	
1	
1	446 4	457 4	
1	
1	
2	458 4	459 4	460 4	
1	
13312	461 8	462 4	
1	
1	446 4	464 4	
1	
1	441 52	
1	446 4	
1	467 4	468 4	
1	
1	469 4	470 4	
1	
1	
1	
1	
1	471 4	474 1	468 4	475 1	467 4	
13	441 52	476 4	
1	437 1384448	
1	
1	
1	
1	478 12	479 4	480 4	481 4	
1	437 1384448	
1	
1	
1	
1	483 12	484 4	485 4	486 4	
1	
1	487 4	488 4	
1	
1	
2	489 4	490 4	491 4	
1	
13312	492 8	493 4	
1	
1	477 52	495 4	
1	
1	477 52	497 4	
1	
2	482 4	
2	482 4	
1	437 1384448	
1	
1	
1	
1	502 12	503 4	504 4	505 4	
1	
1	
1	507 4	506 4	508 4	
1	501 8	509 52	437 1384448	501 8	
1	499 4	
1	500 8	
13312	453 53248	
13312	463 53248	
1	511 4	591 4	
1	512 4	592 4	
13312	513 53248	593 53248	
13312	514 53248	594 53248	
1	482 4	
1	515 4	519 4	
1	520 4	
1	515 4	521 4	
1	516 4	521 4	
13312	517 53248	521 4	
13312	518 53248	521 4	
1	522 4	
1	523 4	
13312	524 53248	
13312	525 53248	
2	501 8	
1	510 4	
26624	530 8	526 4	531 4	
1	526 4	
1	532 106496	
1	526 4	
1	526 4	
26624	534 8	
1	536 4	535 4	
26624	537 106496	538 4	
26624	539 106496	535 4	
26624	533 4	540 106496	
26624	541 106496	
26624	532 106496	533 4	
26624	543 106496	542 106496	
2	
1	
1	
12582912	545 8	
1	547 4	546 4	
12582912	548 50331648	549 4	
12582912	550 50331648	546 4	
12582912	
12582912	552 50331648	551 50331648	
12582912	552 50331648	
4096	
4096	
4096	556 16384	555 16384	
4096	556 16384	
1	526 4	
39936	544 106496	529 53248	559 4	
12582912	554 50331648	
163577856	560 159744	561 50331648	
4096	558 16384	
53248	562 212992	563 16384	
1	526 4	
1	526 4	
13312	566 4	564 212992	
1	526 4	
13312	567 53248	568 4	
13312	569 53248	
13312	528 53248	570 53248	
13312	567 53248	
13312	567 53248	
13312	572 53248	573 53248	
13312	571 53248	574 53248	
13312	575 53248	
13312	567 53248	
13312	576 53248	577 53248	
13	477 52	
13	526 4	579 52	
13312	494 53248	
13312	580 52	581 53248	578 53248	
13	526 4	579 52	
13312	583 52	528 53248	575 53248	
13	526 4	579 52	
13312	585 52	529 53248	578 53248	
2	500 8	
1	587 8	526 4	582 53248	527 4	
1	526 4	
1	526 4	589 4	
1	590 4	
1	588 4	
13312	584 53248	
13312	586 53248	
1	522 4	
1	523 4	
1	524 53248	
1	525 53248	
1	500 8	596 4	
1	
1	
1	600 4	599 4	601 4	
173056	500 8	602 52	596 4	
1	
1	
1	4 4	605 1	5 8	
1	606 4	
1	
1	4 4	608 1	5 8	
1	609 4	
1	
1	69 676	611 4	
1	612 4	
1	
1	613 4	614 4	
1	615 4	
1	616 4	
3	
173056	603 692224	618 12	
1	619 692224	
1	
1	
1	
1	620 12	621 4	622 4	623 4	
1	
1	
1	625 4	624 4	626 4	
1	
1	69 676	628 4	
13	629 52	
169	627 52	630 52	
169	631 676	
1	69 676	
1	
1	
1	
1	633 4	634 4	635 4	636 4	
1	
1	619 692224	
1	
1	
1	
1	639 12	640 4	641 4	642 4	
1	637 4	643 4	
1	
1	644 4	645 4	
1	
1	
1	
1	
1	
1	
1	
1	
1	646 4	651 1	652 1	653 1	637 4	654 1	643 4	
1	632 676	655 4	
1	655 4	
3	656 8	638 4	657 4	
169	632 676	658 12	
173056	619 692224	659 676	
2	
1	
1	
1048576	661 8	
1	663 4	662 4	
1048576	664 4194304	665 4	
1048576	666 4194304	662 4	
1048576	
1048576	668 4194304	667 4194304	
1048576	668 4194304	
1	660 692224	
1	
1	
1	
1	673 4	674 4	
1	675 4	
1	676 4	673 4	
1	
1	673 4	678 4	
1	679 4	
1	673 4	672 4	
1	680 4	681 4	
1	677 4	682 4	
1	
1	
1	684 4	672 4	685 4	
13	686 12	683 4	
13	671 12	687 52	
1	671 12	683 4	
1	
1	688 52	690 4	
1	
1	689 4	692 4	
1	
13	689 4	688 52	694 4	
1	
13	687 52	683 4	696 4	
2	691 4	693 4	
2197	660 692224	697 52	
169	699 8788	698 8	
2	
1048576	670 4194304	701 8	
2	
1048576	702 4194304	703 8	
13631488	700 676	704 4194304	
1	
1	
13	688 52	706 4	707 4	
173056	705 53248	708 52	
1	709 692224	
1	
1	
1	
1	710 12	711 4	712 4	713 4	
1	709 692224	
1	
1	
1	
1	715 12	716 4	717 4	718 4	
1	
1	
1	
1	
1	
1	
1	
1	90 4	726 4	
1	
1	
2	727 4	728 4	729 4	
1	
13312	730 8	731 4	
1	
1	90 4	733 4	
1	
1	
1	90 4	736 4	
1	
1	
2	737 4	738 4	739 4	
1	
13312	740 8	741 4	
1	
1	90 4	743 4	
1	
1	90 4	714 4	
1	
1	746 4	747 4	
1	
1	
1	
1	
1	
1	
1	
1	
1	748 4	753 1	754 1	755 1	90 4	756 1	714 4	
13312	732 53248	757 4	
13312	742 53248	757 4	
1	
1	
1	90 4	761 4	
1	
1	
2	762 4	763 4	764 4	
1	
13312	765 8	766 4	
1	
1	90 4	768 4	
1	
1	
1	90 4	771 4	
1	
1	719 4	773 4	
1	
2	772 4	774 4	775 4	
1	
169	776 8	777 4	
1	
1	90 4	779 4	
1	
1	719 4	781 4	
1	
1	90 4	783 4	
1	
1	
2	784 4	785 4	786 4	
1	
13312	787 8	788 4	
1	
1	90 4	790 4	
1	
1	
1	90 4	793 4	
1	
1	
2	794 4	795 4	796 4	
1	
13312	797 8	798 4	
1	
1	90 4	800 4	
1	
1	69 676	
1	
1	803 4	804 4	
1	
1	
1	806 4	803 4	807 4	
2	805 4	808 8	
169	69 676	809 8	
173056	89 149700608	810 676	
1	811 692224	
1	
1	
1	
1	812 12	813 4	814 4	815 4	
2	816 4	
1	811 692224	
1	
1	
1	
1	818 12	819 4	820 4	821 4	
1	
1	
1	823 4	822 4	824 4	
1	817 8	825 52	811 692224	817 8	
2	
2	
2	
13312	811 692224	827 8	828 8	829 8	
13312	830 53248	
1	69 676	
1	
13	833 4	69 676	
1	
1	834 52	835 4	
1	836 4	836 4	
1	837 4	
1	837 4	
1	836 4	
13312	831 53248	840 4	
1	839 4	
2	817 8	840 4	
1	826 4	840 4	
13312	843 8	842 4	844 4	
13312	845 53248	841 53248	
1	
1	832 4	
1	
2	848 4	847 4	849 4	
1	
13312	850 8	851 4	
1	
1	832 4	
1	
1	854 4	853 4	855 4	
1	
13	856 4	857 4	
1	834 52	
1	
13	859 4	860 4	
1	
1	
2	863 4	
1	
2	865 4	
1	862 4	
1	864 8	
1	866 8	
13312	427 53248	
13312	428 53248	
13312	767 53248	
1	760 4	
169	778 676	
13312	597 53248	
13312	598 53248	
13312	846 53248	
13	834 52	
13	861 52	
1	867 4	1163 4	
1	868 4	1164 4	
1	869 4	1165 4	
13312	870 53248	1166 53248	
13312	871 53248	1167 53248	
13312	872 53248	1168 53248	
1	873 4	1169 4	
169	874 676	1170 676	
13312	875 53248	1171 53248	
13312	876 53248	1172 53248	
13312	877 53248	1173 53248	
13	878 52	1174 52	
13	879 52	1175 52	
1	880 4	
1	891 52	893 4	
1	894 4	
1	895 4	
1	880 4	896 4	
1	881 4	896 4	
1	882 4	896 4	
13312	883 53248	896 4	
13312	884 53248	896 4	
13312	885 53248	896 4	
1	886 4	896 4	
169	887 676	896 4	
13312	888 53248	896 4	
13312	889 53248	896 4	
13312	890 53248	896 4	
13	891 52	896 4	
13	892 52	896 4	
1	897 4	
1	898 4	
1	899 4	
13312	900 53248	
13312	901 53248	
13312	902 53248	
1	903 4	
169	904 676	
13312	905 53248	
13312	906 53248	
13312	907 53248	
13	908 52	
13	909 52	
1	910 4	
26624	920 53248	915 53248	923 4	
1	910 4	
1	924 106496	
1	910 4	
1	910 4	
26624	926 8	
1	928 4	927 4	
26624	929 106496	930 4	
26624	931 106496	927 4	
26624	925 4	932 106496	
26624	933 106496	
26624	924 106496	925 4	
26624	935 106496	934 106496	
2	
1	
1	
12582912	937 8	
1	939 4	938 4	
12582912	940 50331648	941 4	
12582912	942 50331648	938 4	
12582912	
12582912	944 50331648	943 50331648	
12582912	944 50331648	
4096	
4096	
4096	948 16384	947 16384	
4096	948 16384	
1	910 4	
39936	936 106496	914 53248	951 4	
12582912	946 50331648	
163577856	952 159744	953 50331648	
4096	950 16384	
53248	954 212992	955 16384	
1	910 4	
1	910 4	
13312	958 4	956 212992	
1	910 4	
13312	959 53248	960 4	
13312	961 53248	
13312	913 53248	962 53248	
13312	959 53248	
13312	959 53248	
13312	964 53248	965 53248	
13312	963 53248	966 53248	
13312	967 53248	
13312	959 53248	
13312	968 53248	969 53248	
1	970 53248	
1	910 4	
1	910 4	
1	910 4	
1	971 8	972 4	973 4	974 4	
1	714 4	
1	975 4	976 4	
1	910 4	
1	977 4	978 4	
1	910 4	
1	910 4	
1	910 4	
1	910 4	
1	910 4	
1	910 4	
1	910 4	
1	910 4	
1	979 4	984 4	985 4	986 4	975 4	987 4	976 4	
13312	970 53248	988 4	
2	
1	
1	
1048576	990 8	
1	992 4	991 4	
1048576	993 4194304	994 4	
1048576	995 4194304	991 4	
1048576	
1048576	997 4194304	996 4194304	
1048576	997 4194304	
1048576	999 4194304	
13631488	989 53248	1000 4194304	
1	910 4	
1	1001 53248	1002 4	
1	
1	
1	
1024	1004 4	
1	1006 4	1005 4	
1024	1007 4096	1008 4	
1024	1009 4096	1005 4	
1024	
1024	1011 4096	1010 4096	
1024	1011 4096	
1	910 4	
1	
1	
1	1016 4	1015 4	
1	1016 4	
1024	
1024	
1024	1020 4096	1019 4096	
1024	1020 4096	
1	1018 4	
1024	1013 4096	
1024	1023 4	1024 4096	910 4	
1024	1024 4096	910 4	
1	910 4	
1024	1026 4096	1027 4	
1	1028 4	
1024	1025 4096	1029 4	
173056	709 692224	
173056	1031 692224	1003 53248	
1024	1022 4096	
173056	1032 692224	1033 4096	
173056	1034 692224	
173056	1030 4096	1035 692224	
1	910 4	
1024	1036 692224	1037 4	
1	910 4	
13	69 676	
13	1039 4	1040 52	
1	910 4	
1	1041 52	1042 4	
1	910 4	
1	910 4	
1	910 4	
1	910 4	
1	910 4	
1	910 4	
1	1043 4	1047 4	1048 4	1049 4	1040 52	
1	1038 676	1050 4	
1	1050 4	
1	1050 4	
1	1050 4	
1	1051 8	1052 4	1053 4	1054 4	
1	1050 4	
1	1050 4	
1	1056 4	1055 4	1057 4	
1	1050 4	
1	1040 52	1059 4	
13	1060 52	
169	1058 52	1061 52	
1	1038 676	1050 4	
1	1050 4	
169	1063 8	1064 4	
1	1050 4	
169	1066 4	1065 676	
169	1062 676	1038 676	1067 676	
169	1068 676	
1	910 4	
1	1069 676	1070 4	
173056	660 692224	
28351	1071 676	1072 692224	
1	1073 53248	
1	910 4	
13312	1074 53248	
1	910 4	
1	916 4	1077 4	
1	910 4	
26624	989 53248	1076 53248	1079 4	
1	910 4	
1	1080 106496	
1	910 4	
1	910 4	
26624	1082 8	
1	1084 4	1083 4	
26624	1085 106496	1086 4	
26624	1087 106496	1083 4	
26624	1081 4	1088 106496	
26624	1089 106496	
26624	1080 106496	1081 4	
26624	1091 106496	1090 106496	
2	
1	
1	
12582912	1093 8	
1	1095 4	1094 4	
12582912	1096 50331648	1097 4	
12582912	1098 50331648	1094 4	
12582912	
12582912	1100 50331648	1099 50331648	
12582912	1100 50331648	
4096	
4096	
4096	1104 16384	1103 16384	
4096	1104 16384	
1	910 4	
39936	1092 106496	919 53248	1107 4	
12582912	1102 50331648	
163577856	1108 159744	1109 50331648	
4096	1106 16384	
53248	1110 212992	1111 16384	
1	910 4	
1	910 4	
13312	1114 4	1112 212992	
1	910 4	
13312	1115 53248	1116 4	
13312	1117 53248	
13312	918 53248	1118 53248	
13312	1115 53248	
13312	1115 53248	
13312	1120 53248	1121 53248	
13312	1119 53248	1122 53248	
13312	1123 53248	
13312	1115 53248	
13312	1124 53248	1125 53248	
1	910 4	
13312	1126 53248	1127 4	
13	1128 52	
1	910 4	
1	910 4	1130 4	
13	69 676	
13	1131 4	1132 52	
1	910 4	
1	1133 52	1134 4	
1	1135 4	1135 4	
1	1136 4	
1	1136 4	
1	1135 4	
13312	831 53248	
13312	1140 53248	1139 4	
2	817 8	
2	1142 8	1139 4	
1	1131 4	1139 4	
1	826 4	
1	1145 4	1139 4	
13312	1143 8	1144 4	1146 4	
13312	1147 53248	1141 53248	
13	1133 52	921 52	
13	921 52	
13	1150 52	1149 52	
1	922 52	
1	910 4	
1	910 4	1153 4	
13	1152 4	1154 4	
13	1151 52	1155 52	922 52	
2	864 8	
1	1157 8	910 4	1126 53248	911 4	
2	866 8	
1	1159 8	910 4	1129 52	912 4	
1	910 4	
1	910 4	1161 4	
1	1162 4	
1	1158 4	
1	1160 4	
13312	967 53248	
13312	970 53248	
13312	1076 53248	
1	1078 4	
169	1069 676	
13312	1123 53248	
13312	1126 53248	
13312	1148 53248	
13	1149 52	
13	1156 52	
1	897 4	
1	898 4	
1	899 4	
1	900 53248	
1	901 53248	
1	902 53248	
1	903 4	
1	904 676	
1	905 53248	
1	906 53248	
1	907 53248	
1	908 52	
1	909 52	
1	864 8	1177 4	
1	
1	
1	1190 4	1189 4	1191 4	
173056	864 8	1192 52	1177 4	
1	866 8	1178 4	
1	
1	
1	1195 4	1194 4	1196 4	
169	866 8	1197 52	1178 4	
2	
1	
1	
37425152	1199 8	
1	1201 4	1200 4	
37425152	1202 149700608	1203 4	
37425152	1204 149700608	1200 4	
37425152	
37425152	1206 149700608	1205 149700608	
37425152	1206 149700608	
1	1193 692224	
1	
1	
1	
1	1211 4	1212 4	
1	1213 4	
1	1214 4	1211 4	
1	
1	1211 4	1216 4	
1	1217 4	
1	1211 4	1210 4	
1	1218 4	1219 4	
1	1215 4	1220 4	
1	
1	
1	1222 4	1210 4	1223 4	
13	1224 12	1221 4	
13	1209 12	1225 52	
1	1209 12	1221 4	
1	
1	1226 52	1228 4	
1	
1	1227 4	1230 4	
1	
13	1227 4	1226 52	1232 4	
1	
13	1225 52	1221 4	1234 4	
2	1229 4	1231 4	
2197	1193 692224	1235 52	
169	1237 8788	1236 8	
2	
37425152	1208 149700608	1239 8	
2	
37425152	1240 149700608	1241 8	
486526976	1238 676	1242 149700608	
1	
1	
13	1226 52	1244 4	1245 4	
6176612	1243 1900496	1246 52	
1	69 676	
1	
1	1248 4	1249 4	
1	
1	
1	1251 4	1248 4	1252 4	
2	1250 4	1253 8	
169	69 676	1254 8	
1	1255 676	
1	
1	
1	
1	1256 8	1257 4	1258 4	1259 4	
1	1255 676	
1	1247 24706448	
1	
1	
1	1263 4	1264 4	
1	
1	1265 4	1266 4	
1	1265 4	
1	1267 4	
1	
1	1262 12	1268 4	1269 4	1270 4	
1	
2	1272 4	1271 4	
169	1247 24706448	1273 8	
1	
13	1255 676	1275 4	
13	1274 676	1276 52	
169	1277 52	1261 8	
1	
1	
1	1279 4	1260 4	1280 4	
1	
1	69 676	1282 4	
13	1283 52	
169	1281 52	1284 52	
169	1285 676	
1	1286 676	
1	
1	1287 4	1288 4	
1	
1	
1	1290 4	1287 4	1291 4	
2	1289 4	1292 8	
169	1286 676	1293 8	
169	1278 676	1294 676	
2	
169	1295 676	1296 8	
1	90 4	
1	1297 4	1298 4	
1	
169	69 676	1300 4	
1	
169	69 676	1302 4	
1	1301 4	1303 4	
1	
169	69 676	1305 4	
1	
1	
1	1308 4	1307 4	
1	1308 4	
1	
1	
1	1312 4	
1	
1	1313 4	1314 4	
1	1315 4	
1	
1	1317 4	1310 4	
1	1318 4	
1	1316 4	1319 4	
1	
1	1310 4	1321 4	
1	1322 4	1322 4	
1	1323 4	
1	1323 4	
1	1322 4	
1	1320 4	1326 4	
1	1311 4	1326 4	
1	1327 4	1328 4	
1	1311 4	1326 4	
1	1330 4	1329 4	
1	
1	1310 4	1332 4	
1	1333 4	1333 4	
1	1334 4	
1	1334 4	
1	1333 4	
1	1331 4	1337 4	
1	1336 4	
1	1310 4	1337 4	
1	1340 4	1339 4	
1	1341 4	
1	1336 4	
1	1343 4	
1	1336 4	
1	1342 4	1344 4	
1	1346 4	
1	1345 4	1347 4	
1	1331 4	1337 4	
1	1349 4	1348 4	
1	1350 4	1338 4	
1	
1	1352 1	1351 4	
1	
1	
1	1354 4	1355 4	
1	
1	1357 4	
1	1358 4	1363 4	
1	1359 4	896 4	
1	910 4	
1	1360 4	1361 4	
1	1362 4	1522 4	1531 4	1541 8	1547 8	1554 53248	1563 53248	1586 4	1629 8	1635 8	1656 8	1662 8	1669 53248	1678 53248	1689 8	1695 8	1702 53248	1711 53248	1730 8	1759 159744	1777 106496	1783 53248	1802 8	1808 8	1815 106496	1824 106496	1835 8	1846 106496	1863 53248	1869 53248	1881 12	1890 676	1898 8	1914 676	1927 676	1934 676	1944 8	1951 676	1977 12	1991 12	1998 692224	2007 4096	2019 4	2028 4096	2052 12	2076 12	2082 12	2113 8	2150 8	2156 8	2163 53248	2172 53248	2190 8	2196 8	2209 8	2215 8	2222 53248	2231 53248	2242 8	2248 8	2255 53248	2264 53248	2289 8	2307 159744	2325 106496	2331 53248	2350 8	2356 8	2363 106496	2372 106496	2383 8	2394 106496	2416 53248	2422 53248	
1	1360 4	
1	
1	1364 4	
1	1366 4	1373 4	
1	1365 4	
1	1367 4	1368 4	
1	1369 4	
1	1367 4	1370 4	
1	1371 4	1368 4	
1	1372 4	1525 4	
1	1371 4	
1	
1	1375 4	
1	1376 4	1381 4	
1	1377 4	521 4	
1	526 4	
1	1378 4	1379 4	
1	1380 4	2448 53248	2456 52	2466 53248	2473 52	2484 4	2493 52	2513 8	2519 8	2526 53248	2535 53248	2552 8	2558 8	2571 8	2577 8	2584 53248	2598 8	2604 8	2611 53248	2620 53248	2636 8	2652 159744	2670 106496	2689 8	2695 8	2702 106496	2711 106496	2723 8	2734 106496	
1	1378 4	
1	
1	1382 4	
1	1384 4	1391 4	
1	1383 4	
1	1385 4	1386 4	
1	1387 4	
1	1385 4	1388 4	
1	1389 4	1386 4	
1	1390 4	2451 4	
1	1389 4	
1	
1	1393 4	
1	1394 4	1399 4	
1	1395 4	186 4	
1	191 4	
1	1396 4	1397 4	
1	1398 4	2802 4	2812 53248	2819 52	2829 53248	2836 52	2849 52	2914 8	2920 8	2927 53248	2936 53248	3007 8	3013 8	3030 8	3036 8	3043 53248	3057 8	3063 8	3070 53248	3079 53248	3175 8	3211 106496	3230 53248	3265 8	3271 8	3278 53248	3287 53248	3320 8	3331 53248	
1	1396 4	
1	
1	1400 4	
1	1402 4	1409 4	
1	1401 4	
1	1403 4	1404 4	
1	1405 4	
1	1403 4	1406 4	
1	1407 4	1404 4	
1	1408 4	2805 4	
1	1407 4	
1	
1	1411 4	
1	1412 4	1417 4	
1	1413 4	351 4	
1	356 4	
1	1414 4	1415 4	
1	1416 4	2859 53248	2867 52	2877 53248	2884 52	2895 4	2948 52	2972 8	2978 8	2985 53248	2994 53248	3091 8	3097 8	3114 8	3120 8	3127 53248	3141 8	3147 8	3154 53248	3163 53248	3195 8	3249 106496	3301 53248	3346 8	3352 8	3359 53248	3368 53248	3380 8	3391 53248	
1	1414 4	
1	
1	1418 4	
1	1420 4	1427 4	
1	1419 4	
1	1421 4	1422 4	
1	1423 4	
1	1421 4	1424 4	
1	1425 4	1422 4	
1	1426 4	2862 4	
1	1425 4	
1	
1	
13	1429 4	1430 4	
1	1356 4	1298 4	
1	1432 4	1431 52	
1	1433 4	1429 4	
1	1297 4	
1	1435 4	1298 4	
1	1436 4	1298 4	
1	1356 4	1437 4	
1	1438 4	1431 52	
1	1439 4	1430 4	
2	
1	1434 4	1441 8	
1	1295 676	
169	1442 4	1443 8	
1	1278 676	
1	1294 676	
13	1445 8	1446 8	
169	1444 676	1294 676	
1	1448 676	1447 52	
169	1449 676	1445 8	
169	1278 676	1444 676	
1	1451 676	1447 52	
169	1452 676	1446 8	
1	1277 52	
13	1450 676	1454 4	
169	1277 52	
169	1277 52	
1	
1	1455 52	1458 4	
169	1459 52	1457 676	
1	1247 24706448	
6176612	1460 676	1461 12	
1	1243 1900496	
475124	1462 24706448	1463 8	
486526976	1464 1900496	1242 149700608	
6176612	1238 676	1464 1900496	
1	1237 8788	
2197	1465 53248	1467 12	
2	
37425152	1466 149700608	1469 8	
13	1235 52	
173056	1468 8788	1471 52	
2	1239 8	
37425152	1470 149700608	1473 8	
2	864 8	1177 4	
1	1177 4	1475 8	
1	1475 8	1192 52	1472 692224	1476 4	
1	
13312	1179 53248	
13312	1180 53248	
13312	1181 53248	
169	1183 676	
13312	1184 53248	
13312	1185 53248	
13312	1186 53248	
1	1477 4	
1	1478 4	
13312	1479 53248	
13312	1480 53248	
13312	1481 53248	
169	1482 676	
13312	1483 53248	
13312	1484 53248	
13312	1485 53248	
1	1486 4	1605 4	
13312	1488 53248	2283 53248	
13312	1489 53248	2403 53248	
13312	1490 53248	2436 53248	
13312	1492 53248	1724 53248	
13312	1493 53248	1855 53248	
13312	1494 53248	2435 53248	
1	1495 4	1370 4	
13312	1496 53248	1370 4	
13312	1497 53248	1370 4	
13312	1498 53248	1370 4	
13312	1499 53248	1370 4	
13312	1500 53248	1370 4	
13312	1501 53248	1370 4	
1	1502 4	
1	1503 53248	
1	1504 53248	
1	1505 53248	
1	1506 53248	
1	1507 53248	
1	1508 53248	
2	864 8	
2	1516 8	1502 4	
1	1502 4	1517 8	
1	
2	1519 4	
2	1520 8	
1	1521 8	910 4	1362 4	
2	1520 8	
1	1523 8	1372 4	
1	1524 4	1533 4	1543 8	1549 8	1556 53248	1565 53248	1589 4	1599 8	1631 8	1637 8	1658 8	1664 8	1671 53248	1680 53248	1691 8	1697 8	1704 53248	1713 53248	1732 8	1761 159744	1779 106496	1785 53248	1804 8	1810 8	1817 106496	1826 106496	1837 8	1848 106496	1865 53248	1871 53248	1883 12	1892 676	1900 8	1916 676	1929 676	1936 676	1946 8	1953 676	1979 12	1993 12	2000 692224	2009 4096	2021 4	2030 4096	2054 12	2078 12	2084 12	2115 8	2152 8	2158 8	2165 53248	2174 53248	2192 8	2198 8	2211 8	2217 8	2224 53248	2233 53248	2244 8	2250 8	2257 53248	2266 53248	2291 8	2309 159744	2327 106496	2333 53248	2352 8	2358 8	2365 106496	2374 106496	2385 8	2396 106496	2418 53248	2424 53248	
13312	1517 8	1524 4	1518 4	
13312	1515 53248	840 4	
1	
2	1528 4	
2	1529 8	
1	1530 8	1139 4	1362 4	
2	1529 8	
1	1532 8	1372 4	
13312	1508 53248	1533 4	
13312	1507 53248	1526 53248	
1	1124 53248	
1	1125 53248	
1	
2	1538 4	
2	1539 8	
2	1540 8	1536 8	1362 4	
2	1539 8	
2	1542 8	1372 4	
1	
2	1544 4	
2	1545 8	
2	1546 8	1537 8	1362 4	
2	1545 8	
2	1548 8	1372 4	
13	1543 8	1549 8	
1	
2	1551 4	
2	1552 8	
13312	1553 8	1125 53248	1362 4	
2	1552 8	
13312	1555 8	1372 4	
13312	1535 53248	1556 53248	
1	1557 53248	1550 52	
13312	1558 53248	1543 8	
1	
2	1560 4	
2	1561 8	
13312	1562 8	1124 53248	1362 4	
2	1561 8	
13312	1564 8	1372 4	
13312	1565 53248	1535 53248	
1	1566 53248	1550 52	
13312	1567 53248	1549 8	
2	843 8	844 4	
1	844 4	1569 8	
1	1569 8	842 4	1527 53248	1570 4	
13312	831 53248	840 4	
1	1572 53248	
1	
13312	1573 8	1574 4	
13312	1527 53248	1575 53248	
2	817 8	
1	826 4	
2	1577 8	1578 4	1372 4	
1	1578 4	1579 8	
1	
2	1581 4	
2	1582 8	
2	1583 8	1139 4	
1	1584 8	1144 4	1362 4	
1	1585 4	1596 8	
2	1582 8	
2	1587 8	1533 4	
1	1588 8	
1	1579 8	1589 4	1534 53248	1580 4	
13312	1140 53248	1139 4	
1	1591 53248	
1	
2	1593 4	
2	1594 8	
2	1595 8	1592 8	1362 4	
2	1594 8	
2	1597 8	1533 4	
2	1598 8	
1	1372 4	
169	1599 8	1600 4	
13312	1534 53248	1601 676	
13312	1565 53248	1559 53248	
13312	1556 53248	1568 53248	
1	1502 4	
1	826 4	840 4	
1	1606 4	
1	
1	1607 4	1608 4	
1	1571 4	1609 4	
1	1372 4	
1	1611 4	1533 4	
1	1590 4	1612 4	
1	831 53248	
1	
13312	1614 8	1615 4	
13312	1616 53248	
13312	1617 53248	1621 53248	
13312	1618 53248	1370 4	
13312	1619 53248	1602 53248	
13312	1620 53248	
1	1619 53248	
13312	1506 53248	1603 53248	
1	1119 53248	
1	1122 53248	
1	
2	1626 4	
2	1627 8	
2	1628 8	1624 8	1362 4	
2	1627 8	
2	1630 8	1372 4	
1	
2	1632 4	
2	1633 8	
2	1634 8	1625 8	1362 4	
2	1633 8	
2	1636 8	1372 4	
13	1631 8	1637 8	
1	1623 53248	1638 52	
13312	1639 53248	1631 8	
1	1623 53248	1638 52	
13312	1641 53248	1637 8	
1	
1	1643 4	
1	1644 4	1648 4	
1	1645 4	1370 4	
1	1646 4	1613 4	
1	1647 4	
1	1646 4	
13312	1576 53248	1622 53248	
1	918 53248	
1	1118 53248	
1	
2	1653 4	
2	1654 8	
2	1655 8	1651 8	1362 4	
2	1654 8	
2	1657 8	1372 4	
1	
2	1659 4	
2	1660 8	
2	1661 8	1652 8	1362 4	
2	1660 8	
2	1663 8	1372 4	
13	1658 8	1664 8	
1	
2	1666 4	
2	1667 8	
13312	1668 8	1118 53248	1362 4	
2	1667 8	
13312	1670 8	1372 4	
13312	1640 53248	1671 53248	
1	1672 53248	1665 52	
13312	1673 53248	1658 8	
1	
2	1675 4	
2	1676 8	
13312	1677 8	918 53248	1362 4	
2	1676 8	
13312	1679 8	1372 4	
13312	1680 53248	1640 53248	
1	1681 53248	1665 52	
13312	1682 53248	1664 8	
1	1120 53248	
1	1121 53248	
1	
2	1686 4	
2	1687 8	
2	1688 8	1684 8	1362 4	
2	1687 8	
2	1690 8	1372 4	
1	
2	1692 4	
2	1693 8	
2	1694 8	1685 8	1362 4	
2	1693 8	
2	1696 8	1372 4	
13	1691 8	1697 8	
1	
2	1699 4	
2	1700 8	
13312	1701 8	1121 53248	1362 4	
2	1700 8	
13312	1703 8	1372 4	
13312	1642 53248	1704 53248	
1	1705 53248	1698 52	
13312	1706 53248	1691 8	
1	
2	1708 4	
2	1709 8	
13312	1710 8	1120 53248	1362 4	
2	1709 8	
13312	1712 8	1372 4	
13312	1713 53248	1642 53248	
1	1714 53248	1698 52	
13312	1715 53248	1697 8	
1	1649 4	1610 4	
2	817 8	1717 4	
1	1717 4	1718 8	
173056	1718 8	825 52	1719 4	
13312	1671 53248	1683 53248	
13312	1713 53248	1707 53248	
13312	1704 53248	1716 53248	
13312	1674 53248	
1	1115 53248	
1	1372 4	
1	
2	1727 4	
2	1728 8	
2	1729 8	1725 8	1362 4	
2	1728 8	
2	1731 8	1372 4	
13	1732 8	1726 4	
1	1721 53248	1733 52	
13312	1734 53248	1732 8	
1	1721 53248	1733 52	
1	1736 53248	1726 4	
1	1372 4	
53248	1722 53248	1723 53248	1735 53248	1604 53248	1738 4	
4096	1739 212992	
2	
2	1741 16	
1	810 676	
1	
1	1743 4	1744 4	
1	
1	
1	
1	1742 8	1746 4	1747 4	1748 4	
1	
2	1745 4	1749 4	1750 4	
13312	1720 692224	1751 8	
13	810 676	1745 4	
12582912	1102 50331648	
163577856	1739 212992	1754 50331648	
1	
2	1756 4	
2	1757 8	
39936	1758 8	1108 159744	1362 4	
2	1757 8	
39936	1760 8	1372 4	
163577856	1761 159744	1739 212992	
4096	
4096	1763 16384	
4096	1764 16384	1768 16384	
4096	1765 16384	1370 4	
4096	1766 16384	1740 16384	
4096	1767 16384	
1	1766 16384	
1	1372 4	
1	1372 4	
1	1771 4	1770 4	
1	1092 106496	
1	
2	1774 4	
2	1775 8	
26624	1776 8	1092 106496	1362 4	
2	1775 8	
26624	1778 8	1372 4	
1	
2	1780 4	
2	1781 8	
13312	1782 8	919 53248	1362 4	
2	1781 8	
13312	1784 8	1372 4	
1	1779 106496	1785 53248	
2	1772 4	1786 8	1786 8	
26624	1755 159744	1787 8	1786 8	
13312	1755 159744	1787 8	1786 8	
12582912	
12582912	1790 50331648	
12582912	1791 50331648	1795 50331648	
12582912	1792 50331648	1370 4	
12582912	1793 50331648	1762 50331648	
12582912	1794 50331648	
1	1793 50331648	
1	1091 106496	
1	1090 106496	
1	
2	1799 4	
2	1800 8	
2	1801 8	1797 8	1362 4	
2	1800 8	
2	1803 8	1372 4	
1	
2	1805 4	
2	1806 8	
2	1807 8	1798 8	1362 4	
2	1806 8	
2	1809 8	1372 4	
13	1804 8	1810 8	
1	
2	1812 4	
2	1813 8	
26624	1814 8	1090 106496	1362 4	
2	1813 8	
26624	1816 8	1372 4	
26624	1788 106496	1817 106496	
1	1818 106496	1811 52	
26624	1819 106496	1804 8	
1	
2	1821 4	
2	1822 8	
26624	1823 8	1091 106496	1362 4	
2	1822 8	
26624	1825 8	1372 4	
26624	1826 106496	1788 106496	
1	1827 106496	1811 52	
26624	1828 106496	1810 8	
1	1080 106496	
1	1372 4	
1	
2	1832 4	
2	1833 8	
2	1834 8	1830 8	1362 4	
2	1833 8	
2	1836 8	1372 4	
13	1837 8	1831 4	
1	1372 4	
26624	1820 106496	1839 4	
1	1840 106496	1838 52	
26624	1841 106496	1837 8	
1	
2	1843 4	
2	1844 8	
26624	1845 8	1080 106496	1362 4	
2	1844 8	
26624	1847 8	1372 4	
26624	1848 106496	
26624	1849 106496	1839 4	
26624	1850 106496	1839 4	
26624	1820 106496	1851 106496	
1	1852 106496	1838 52	
1	1853 106496	1831 4	
13312	1789 53248	
1	1372 4	
1	1372 4	
1	1857 4	1856 4	
1	989 53248	
1	
2	1860 4	
2	1861 8	
13312	1862 8	989 53248	1362 4	
2	1861 8	
13312	1864 8	1372 4	
1	
2	1866 4	
2	1867 8	
13312	1868 8	1076 53248	1362 4	
2	1867 8	
13312	1870 8	1372 4	
1	1865 53248	1871 53248	
2	1858 4	1872 8	1872 8	
13312	1842 106496	1873 8	1872 8	
13312	1842 106496	1873 8	1872 8	
13312	1505 53248	1875 53248	
1	1073 53248	
1	
2	1878 4	
2	1879 8	
3	1880 8	1877 12	1362 4	
2	1879 8	
3	1882 8	1372 4	
13312	1876 53248	1883 12	
173056	660 692224	
1089901	1884 53248	1885 692224	
1	
2	1887 4	
2	1888 8	
169	1889 8	1071 676	1362 4	
2	1888 8	
169	1891 8	1372 4	
28027	1892 676	1884 53248	
1	1069 676	
1	
2	1895 4	
2	1896 8	
2	1897 8	1894 8	1362 4	
2	1896 8	
2	1899 8	1372 4	
169	1886 676	1900 8	
1	660 692224	
1	
173056	1902 12	1903 4	
173056	1904 692224	
173056	1905 692224	1909 692224	
173056	1906 692224	1370 4	
173056	1907 692224	1893 692224	
173056	1908 692224	
1	1907 692224	
1	
2	1911 4	
2	1912 8	
169	1913 8	1069 676	1362 4	
2	1912 8	
169	1915 8	1372 4	
169	1901 676	1916 676	
1	1372 4	
13	1917 676	1918 4	
2	1372 4	
13	1919 52	1920 8	
169	1901 676	1921 52	
169	1922 676	1916 676	
1	
2	1924 4	
2	1925 8	
169	1926 8	1038 676	1362 4	
2	1925 8	
169	1928 8	1372 4	
169	1929 676	
1	
2	1931 4	
2	1932 8	
169	1933 8	1062 676	1362 4	
2	1932 8	
169	1935 8	1372 4	
169	1936 676	1923 676	1930 676	
169	1936 676	1930 676	1923 676	
1	1372 4	
1	1065 676	
1	
2	1941 4	
2	1942 8	
2	1943 8	1940 8	1362 4	
2	1942 8	
2	1945 8	1372 4	
13	1939 4	1946 8	
1	
2	1948 4	
2	1949 8	
169	1950 8	1065 676	1362 4	
2	1949 8	
169	1952 8	1372 4	
169	1938 676	1953 676	
1	1954 676	1947 52	
1	1955 676	1939 4	
1	1372 4	
169	1957 4	1938 676	
1	1958 676	1947 52	
169	1959 676	1946 8	
2	1372 4	
169	1960 676	1961 8	
1	1036 692224	
1	1372 4	
1	1372 4	
1	1965 4	1964 4	
1	1966 4	1964 4	
1	1372 4	
1	1372 4	
1	1372 4	
1	1969 4	1964 4	1970 4	
1	1372 4	
1	1968 4	1972 4	
1	
2	1974 4	
2	1975 8	
3	1976 8	1963 12	1362 4	
2	1975 8	
3	1978 8	1372 4	
13	1971 12	1967 4	1979 12	1973 4	
1	1372 4	
13	1980 52	1981 4	
3	1979 12	1982 52	
169	1937 676	1980 52	
173056	1984 676	1983 12	
1	1372 4	
1	1035 692224	
1	
2	1988 4	
2	1989 8	
3	1990 8	1987 12	1362 4	
2	1989 8	
3	1992 8	1372 4	
13	1986 4	1993 12	
1	
2	1995 4	
2	1996 8	
173056	1997 8	1035 692224	1362 4	
2	1996 8	
173056	1999 8	1372 4	
173056	1985 692224	2000 692224	
1	2001 692224	1994 52	
1024	2002 692224	1986 4	
1	
2	2004 4	
2	2005 8	
1024	2006 8	1030 4096	1362 4	
2	2005 8	
1024	2008 8	1372 4	
173056	2009 4096	1985 692224	
1	2010 692224	1994 52	
173056	2011 692224	1993 12	
1	1372 4	
1	1372 4	
13	2013 4	2014 4	
1	
2	2016 4	
2	2017 8	
1	2018 8	1029 4	1362 4	
2	2017 8	
1	2020 8	1372 4	
1024	2003 4096	2021 4	
1	2022 4096	2015 52	
1024	2023 4096	2013 4	
1	
2	2025 4	
2	2026 8	
1024	2027 8	1025 4096	1362 4	
2	2026 8	
1024	2029 8	1372 4	
1024	2030 4096	2003 4096	
1	2031 4096	2015 52	
1	2032 4096	2014 4	
173056	2000 692224	2012 692224	
1	1372 4	
1	1372 4	
13	2035 4	2036 4	
1024	1013 4096	
1024	2024 4096	2038 4096	
1	2039 4096	2037 52	
1	2040 4096	2035 4	
1	1018 4	
1024	2042 4	2024 4096	
1	2043 4096	2037 52	
1024	2044 4096	2036 4	
1	2021 4	2033 4	
1	1032 692224	
1	1372 4	
1	
2	2049 4	
2	2050 8	
3	2051 8	2047 12	1362 4	
2	2050 8	
3	2053 8	1372 4	
13	2054 12	2048 4	
1	2034 692224	2055 52	
173056	2056 692224	2054 12	
1	2034 692224	2055 52	
1024	2058 692224	2048 4	
1	
1	2060 4	
1	2061 4	2065 4	
1	2062 4	1370 4	
1	2063 4	2041 4	
1	2064 4	
1	2063 4	
1	1372 4	
1	2046 4	2067 4	
1	1372 4	
1024	2068 4	2069 4	
1	1031 692224	910 4	
1	1003 53248	
1	
2	2073 4	
2	2074 8	
3	2075 8	2071 12	1362 4	
2	2074 8	
3	2077 8	1372 4	
1	
2	2079 4	
2	2080 8	
3	2081 8	2072 12	1362 4	
2	2080 8	
3	2083 8	1372 4	
13	2078 12	2084 12	
1	2057 692224	2085 52	
173056	2086 692224	2078 12	
1	2057 692224	2085 52	
13312	2088 692224	2084 12	
1024	
1024	2090 4096	
1024	2091 4096	2095 4096	
1024	2092 4096	1370 4	
1024	2093 4096	2059 4096	
1024	2094 4096	
1	2093 4096	
1	2070 4096	
1024	2097 4	2038 4096	
1024	2070 4096	2098 4096	
1	709 692224	
1	
173056	2100 12	2101 4	
173056	2102 692224	
173056	2103 692224	2107 692224	
173056	2104 692224	1370 4	
173056	2105 692224	2087 692224	
173056	2106 692224	
1	2105 692224	
1	1001 53248	
1	
2	2110 4	
2	2111 8	
2	2112 8	2109 8	1362 4	
2	2111 8	
2	2114 8	1372 4	
13312	2089 53248	2115 8	
1024	2045 4096	2099 4096	
1024	
1024	2118 4096	
1024	2119 4096	2123 4096	
1024	2120 4096	1370 4	
1024	2121 4096	2117 4096	
1024	2122 4096	
1	2121 4096	
1	705 53248	
13312	2108 692224	2125 8	
1048576	999 4194304	
13631488	2116 53248	2127 4194304	
13631488	1865 53248	2116 53248	
13631488	2126 53248	704 4194304	
173056	700 676	2126 53248	
13312	1874 53248	2128 53248	
1048576	
1048576	2133 4194304	
1048576	2134 4194304	2138 4194304	
1048576	2135 4194304	1370 4	
1048576	2136 4194304	2129 4194304	
1048576	2137 4194304	
1	2136 4194304	
1	699 8788	
2197	2130 53248	2140 12	
2	
1048576	2131 4194304	2142 8	
13312	1504 53248	2132 53248	
1	968 53248	
1	969 53248	
1	
2	2147 4	
2	2148 8	
2	2149 8	2145 8	1362 4	
2	2148 8	
2	2151 8	1372 4	
1	
2	2153 4	
2	2154 8	
2	2155 8	2146 8	1362 4	
2	2154 8	
2	2157 8	1372 4	
13	2152 8	2158 8	
1	
2	2160 4	
2	2161 8	
13312	2162 8	969 53248	1362 4	
2	2161 8	
13312	2164 8	1372 4	
13312	2144 53248	2165 53248	
1	2166 53248	2159 52	
13312	2167 53248	2152 8	
1	
2	2169 4	
2	2170 8	
13312	2171 8	968 53248	1362 4	
2	2170 8	
13312	2173 8	1372 4	
13312	2174 53248	2144 53248	
1	2175 53248	2159 52	
13312	2176 53248	2158 8	
13	697 52	
173056	2141 8788	2178 52	
2	701 8	
1048576	2143 4194304	2180 8	
13312	2174 53248	2168 53248	
13312	2165 53248	2177 53248	
13312	1503 53248	2182 53248	
1	963 53248	
1	966 53248	
1	
2	2187 4	
2	2188 8	
2	2189 8	2185 8	1362 4	
2	2188 8	
2	2191 8	1372 4	
1	
2	2193 4	
2	2194 8	
2	2195 8	2186 8	1362 4	
2	2194 8	
2	2197 8	1372 4	
13	2192 8	2198 8	
1	2184 53248	2199 52	
13312	2200 53248	2192 8	
1	2184 53248	2199 52	
13312	2202 53248	2198 8	
1	913 53248	
1	962 53248	
1	
2	2206 4	
2	2207 8	
2	2208 8	2204 8	1362 4	
2	2207 8	
2	2210 8	1372 4	
1	
2	2212 4	
2	2213 8	
2	2214 8	2205 8	1362 4	
2	2213 8	
2	2216 8	1372 4	
13	2211 8	2217 8	
1	
2	2219 4	
2	2220 8	
13312	2221 8	962 53248	1362 4	
2	2220 8	
13312	2223 8	1372 4	
13312	2201 53248	2224 53248	
1	2225 53248	2218 52	
13312	2226 53248	2211 8	
1	
2	2228 4	
2	2229 8	
13312	2230 8	913 53248	1362 4	
2	2229 8	
13312	2232 8	1372 4	
13312	2233 53248	2201 53248	
1	2234 53248	2218 52	
13312	2235 53248	2217 8	
1	964 53248	
1	965 53248	
1	
2	2239 4	
2	2240 8	
2	2241 8	2237 8	1362 4	
2	2240 8	
2	2243 8	1372 4	
1	
2	2245 4	
2	2246 8	
2	2247 8	2238 8	1362 4	
2	2246 8	
2	2249 8	1372 4	
13	2244 8	2250 8	
1	
2	2252 4	
2	2253 8	
13312	2254 8	965 53248	1362 4	
2	2253 8	
13312	2256 8	1372 4	
13312	2203 53248	2257 53248	
1	2258 53248	2251 52	
13312	2259 53248	2244 8	
1	
2	2261 4	
2	2262 8	
13312	2263 8	964 53248	1362 4	
2	2262 8	
13312	2265 8	1372 4	
13312	2266 53248	2203 53248	
1	2267 53248	2251 52	
13312	2268 53248	2250 8	
13312	2224 53248	2236 53248	
13312	2266 53248	2260 53248	
13312	2257 53248	2269 53248	
173056	1910 692224	2179 692224	
1	619 692224	
1	659 676	
13	2274 12	2275 12	
173056	2273 692224	659 676	
1	2277 692224	2276 52	
173056	2278 692224	2274 12	
173056	619 692224	2273 692224	
1	2280 692224	2276 52	
169	2281 692224	2275 12	
13312	2227 53248	
1	959 53248	
1	1372 4	
1	
2	2286 4	
2	2287 8	
2	2288 8	2284 8	1362 4	
2	2287 8	
2	2290 8	1372 4	
13	2291 8	2285 4	
1	2270 53248	2292 52	
13312	2293 53248	2291 8	
1	2270 53248	2292 52	
1	2295 53248	2285 4	
1	632 676	
169	2282 676	2297 8	
1	1372 4	
53248	2271 53248	2272 53248	2294 53248	2183 53248	2299 4	
4096	2300 212992	
12582912	946 50331648	
163577856	2300 212992	2302 50331648	
1	
2	2304 4	
2	2305 8	
39936	2306 8	952 159744	1362 4	
2	2305 8	
39936	2308 8	1372 4	
163577856	2309 159744	2300 212992	
4096	
4096	2311 16384	
4096	2312 16384	2316 16384	
4096	2313 16384	1370 4	
4096	2314 16384	2301 16384	
4096	2315 16384	
1	2314 16384	
1	1372 4	
1	1372 4	
1	2319 4	2318 4	
1	936 106496	
1	
2	2322 4	
2	2323 8	
26624	2324 8	936 106496	1362 4	
2	2323 8	
26624	2326 8	1372 4	
1	
2	2328 4	
2	2329 8	
13312	2330 8	914 53248	1362 4	
2	2329 8	
13312	2332 8	1372 4	
1	2327 106496	2333 53248	
2	2320 4	2334 8	2334 8	
26624	2303 159744	2335 8	2334 8	
13312	2303 159744	2335 8	2334 8	
12582912	
12582912	2338 50331648	
12582912	2339 50331648	2343 50331648	
12582912	2340 50331648	1370 4	
12582912	2341 50331648	2310 50331648	
12582912	2342 50331648	
1	2341 50331648	
1	935 106496	
1	934 106496	
1	
2	2347 4	
2	2348 8	
2	2349 8	2345 8	1362 4	
2	2348 8	
2	2351 8	1372 4	
1	
2	2353 4	
2	2354 8	
2	2355 8	2346 8	1362 4	
2	2354 8	
2	2357 8	1372 4	
13	2352 8	2358 8	
1	
2	2360 4	
2	2361 8	
26624	2362 8	934 106496	1362 4	
2	2361 8	
26624	2364 8	1372 4	
26624	2336 106496	2365 106496	
1	2366 106496	2359 52	
26624	2367 106496	2352 8	
1	
2	2369 4	
2	2370 8	
26624	2371 8	935 106496	1362 4	
2	2370 8	
26624	2373 8	1372 4	
26624	2374 106496	2336 106496	
1	2375 106496	2359 52	
26624	2376 106496	2358 8	
1	924 106496	
1	1372 4	
1	
2	2380 4	
2	2381 8	
2	2382 8	2378 8	1362 4	
2	2381 8	
2	2384 8	1372 4	
13	2385 8	2379 4	
1	1372 4	
26624	2368 106496	2387 4	
1	2388 106496	2386 52	
26624	2389 106496	2385 8	
1	
2	2391 4	
2	2392 8	
26624	2393 8	924 106496	1362 4	
2	2392 8	
26624	2395 8	1372 4	
26624	2396 106496	
26624	2397 106496	2387 4	
26624	2398 106496	2387 4	
26624	2368 106496	2399 106496	
1	2400 106496	2386 52	
1	2401 106496	2379 4	
13312	2337 53248	
3	618 12	
173056	2279 692224	2404 12	
2	500 8	596 4	
1	596 4	2406 8	
1	2406 8	602 52	2405 692224	2407 4	
1	1372 4	
1	1372 4	
1	2410 4	2409 4	
1	920 53248	
1	
2	2413 4	
2	2414 8	
13312	2415 8	920 53248	1362 4	
2	2414 8	
13312	2417 8	1372 4	
1	
2	2419 4	
2	2420 8	
13312	2421 8	915 53248	1362 4	
2	2420 8	
13312	2423 8	1372 4	
1	2418 53248	2424 53248	
2	2411 4	2425 8	2425 8	
13312	2390 106496	2426 8	2425 8	
13312	2390 106496	2426 8	2425 8	
13312	1513 53248	
13312	1514 53248	
1	2408 4	
13312	2429 53248	2630 53248	
13312	2430 53248	2743 53248	
1	2431 4	2541 4	
13312	2427 53248	
13312	2428 53248	
13312	2432 53248	1388 4	
13312	2433 53248	1388 4	
1	2434 4	1388 4	
1	2437 53248	
1	2438 53248	
1	2439 4	
2	
13312	2440 53248	2443 8	
1	
2	2445 4	
2	2446 8	
13312	2447 8	528 53248	1380 4	
2	2446 8	
13312	2449 8	1390 4	
1	2450 53248	2458 52	2468 53248	2475 52	2486 4	2495 52	2515 8	2521 8	2528 53248	2537 53248	2554 8	2560 8	2573 8	2579 8	2586 53248	2600 8	2606 8	2613 53248	2622 53248	2638 8	2654 159744	2672 106496	2691 8	2697 8	2704 106496	2713 106496	2725 8	2736 106496	
13312	2450 53248	
1	
2	2453 4	
2	2454 8	
13	2455 8	583 52	1380 4	
2	2454 8	
13	2457 8	1390 4	
13312	2458 52	2437 53248	2452 53248	
13312	2458 52	2452 53248	2437 53248	
2	
13312	2441 53248	2461 8	
1	
2	2463 4	
2	2464 8	
13312	2465 8	529 53248	1380 4	
2	2464 8	
13312	2467 8	1390 4	
13312	2468 53248	
1	
2	2470 4	
2	2471 8	
13	2472 8	585 52	1380 4	
2	2471 8	
13	2474 8	1390 4	
13312	2475 52	2438 53248	2469 53248	
13312	2475 52	2469 53248	2438 53248	
2	500 8	
2	2478 8	2439 4	
1	2439 4	2479 8	
1	
2	2481 4	
2	2482 8	
1	2483 8	526 4	1380 4	
2	2482 8	
1	2485 8	1390 4	
13312	2479 8	2486 4	2480 4	
13312	494 53248	
13312	2488 53248	1390 4	
1	
2	2490 4	
2	2491 8	
13	2492 8	580 52	1380 4	
2	2491 8	
13	2494 8	1390 4	
13312	2495 52	2487 53248	2489 53248	
13312	2495 52	2489 53248	2487 53248	
1	494 53248	
1	
13312	2498 8	2499 4	
13312	2500 53248	
13312	2501 53248	2505 53248	
13312	2502 53248	1388 4	
13312	2503 53248	2496 53248	
13312	2504 53248	
1	2503 53248	
13312	2477 53248	2497 53248	
1	576 53248	
1	577 53248	
1	
2	2510 4	
2	2511 8	
2	2512 8	2508 8	1380 4	
2	2511 8	
2	2514 8	1390 4	
1	
2	2516 4	
2	2517 8	
2	2518 8	2509 8	1380 4	
2	2517 8	
2	2520 8	1390 4	
13	2515 8	2521 8	
1	
2	2523 4	
2	2524 8	
13312	2525 8	577 53248	1380 4	
2	2524 8	
13312	2527 8	1390 4	
13312	2507 53248	2528 53248	
1	2529 53248	2522 52	
13312	2530 53248	2515 8	
1	
2	2532 4	
2	2533 8	
13312	2534 8	576 53248	1380 4	
2	2533 8	
13312	2536 8	1390 4	
13312	2537 53248	2507 53248	
1	2538 53248	2522 52	
13312	2539 53248	2521 8	
1	2439 4	
2	
13312	2506 53248	2542 8	
13312	2537 53248	2531 53248	
13312	2528 53248	2540 53248	
13312	2460 53248	2544 53248	
1	571 53248	
1	574 53248	
1	
2	2549 4	
2	2550 8	
2	2551 8	2547 8	1380 4	
2	2550 8	
2	2553 8	1390 4	
1	
2	2555 4	
2	2556 8	
2	2557 8	2548 8	1380 4	
2	2556 8	
2	2559 8	1390 4	
13	2554 8	2560 8	
1	2546 53248	2561 52	
13312	2562 53248	2554 8	
1	2546 53248	2561 52	
13312	2564 53248	2560 8	
1	528 53248	
1	570 53248	
1	
2	2568 4	
2	2569 8	
2	2570 8	2566 8	1380 4	
2	2569 8	
2	2572 8	1390 4	
1	
2	2574 4	
2	2575 8	
2	2576 8	2567 8	1380 4	
2	2575 8	
2	2578 8	1390 4	
13	2573 8	2579 8	
1	
2	2581 4	
2	2582 8	
13312	2583 8	570 53248	1380 4	
2	2582 8	
13312	2585 8	1390 4	
13312	2563 53248	2586 53248	
1	2587 53248	2580 52	
13312	2588 53248	2573 8	
13312	2450 53248	2563 53248	
1	2590 53248	2580 52	
13312	2591 53248	2579 8	
1	572 53248	
1	573 53248	
1	
2	2595 4	
2	2596 8	
2	2597 8	2593 8	1380 4	
2	2596 8	
2	2599 8	1390 4	
1	
2	2601 4	
2	2602 8	
2	2603 8	2594 8	1380 4	
2	2602 8	
2	2605 8	1390 4	
13	2600 8	2606 8	
1	
2	2608 4	
2	2609 8	
13312	2610 8	573 53248	1380 4	
2	2609 8	
13312	2612 8	1390 4	
13312	2565 53248	2613 53248	
1	2614 53248	2607 52	
13312	2615 53248	2600 8	
1	
2	2617 4	
2	2618 8	
13312	2619 8	572 53248	1380 4	
2	2618 8	
13312	2621 8	1390 4	
13312	2622 53248	2565 53248	
1	2623 53248	2607 52	
13312	2624 53248	2606 8	
13312	2459 53248	2589 53248	
13312	2586 53248	2592 53248	
13312	2622 53248	2616 53248	
13312	2613 53248	2625 53248	
13312	2626 53248	
1	567 53248	
1	1390 4	
1	
2	2633 4	
2	2634 8	
2	2635 8	2631 8	1380 4	
2	2634 8	
2	2637 8	1390 4	
13	2638 8	2632 4	
1	2627 53248	2639 52	
13312	2640 53248	2638 8	
1	2627 53248	2639 52	
1	2642 53248	2632 4	
1	1390 4	
53248	2628 53248	2629 53248	2641 53248	2545 53248	2644 4	
4096	2645 212992	
12582912	554 50331648	
163577856	2645 212992	2647 50331648	
1	
2	2649 4	
2	2650 8	
39936	2651 8	560 159744	1380 4	
2	2650 8	
39936	2653 8	1390 4	
163577856	2654 159744	2645 212992	
4096	
4096	2656 16384	
4096	2657 16384	2661 16384	
4096	2658 16384	1388 4	
4096	2659 16384	2646 16384	
4096	2660 16384	
1	2659 16384	
1	1390 4	
1	1390 4	
1	2664 4	2663 4	
1	544 106496	
1	
2	2667 4	
2	2668 8	
26624	2669 8	544 106496	1380 4	
2	2668 8	
26624	2671 8	1390 4	
1	2672 106496	2468 53248	
2	2665 4	2673 8	2673 8	
26624	2648 159744	2674 8	2673 8	
13312	2648 159744	2674 8	2673 8	
12582912	
12582912	2677 50331648	
12582912	2678 50331648	2682 50331648	
12582912	2679 50331648	1388 4	
12582912	2680 50331648	2655 50331648	
12582912	2681 50331648	
1	2680 50331648	
1	543 106496	
1	542 106496	
1	
2	2686 4	
2	2687 8	
2	2688 8	2684 8	1380 4	
2	2687 8	
2	2690 8	1390 4	
1	
2	2692 4	
2	2693 8	
2	2694 8	2685 8	1380 4	
2	2693 8	
2	2696 8	1390 4	
13	2691 8	2697 8	
1	
2	2699 4	
2	2700 8	
26624	2701 8	542 106496	1380 4	
2	2700 8	
26624	2703 8	1390 4	
26624	2675 106496	2704 106496	
1	2705 106496	2698 52	
26624	2706 106496	2691 8	
1	
2	2708 4	
2	2709 8	
26624	2710 8	543 106496	1380 4	
2	2709 8	
26624	2712 8	1390 4	
26624	2713 106496	2675 106496	
1	2714 106496	2698 52	
26624	2715 106496	2697 8	
13312	2476 53248	2676 53248	
1	532 106496	
1	1390 4	
1	
2	2720 4	
2	2721 8	
2	2722 8	2718 8	1380 4	
2	2721 8	
2	2724 8	1390 4	
13	2725 8	2719 4	
1	1390 4	
26624	2707 106496	2727 4	
1	2728 106496	2726 52	
26624	2729 106496	2725 8	
1	
2	2731 4	
2	2732 8	
26624	2733 8	532 106496	1380 4	
2	2732 8	
26624	2735 8	1390 4	
26624	2736 106496	
26624	2737 106496	2727 4	
26624	2738 106496	2727 4	
26624	2707 106496	2739 106496	
1	2740 106496	2726 52	
1	2741 106496	2719 4	
13312	2717 53248	
2	501 8	
1	510 4	
2	2744 8	2745 4	1390 4	
1	2745 4	2746 8	
1	2746 8	2486 4	2730 106496	2747 4	
1	
1	2749 4	
1	2750 4	2754 4	
1	2751 4	1388 4	
1	2752 4	2748 4	
1	2753 4	
1	2752 4	
2	501 8	2755 4	
1	2755 4	2756 8	
346112	2756 8	509 52	2757 4	
1	
1	436 4	2759 4	
1	268 692224	
1	268 692224	435 692224	
3	2760 4	2762 12	2762 12	
173056	2758 1384448	2763 12	2762 12	
173056	2758 1384448	2763 12	2762 12	
2	165 8	261 4	
1	261 4	2766 8	
1	2766 8	267 52	2764 692224	2767 4	
173056	2765 692224	69 676	
2	330 8	426 4	
1	426 4	2770 8	
1	2770 8	432 52	2769 692224	2771 4	
13312	262 53248	
13312	263 53248	
1	2768 4	
13312	2773 53248	
13312	2774 53248	
1	2775 4	2942 4	
13312	2776 53248	3169 53248	
13312	2777 53248	3340 53248	
13312	1510 53248	
13312	1511 53248	
1	2772 4	
1	2778 4	1406 4	
13312	2779 53248	1406 4	
13312	2780 53248	1406 4	
13312	2781 53248	3189 53248	
13312	2782 53248	3400 53248	
1	2783 4	3000 4	
1	2784 4	
1	2785 53248	
1	2786 53248	
13312	2787 53248	1424 4	
13312	2788 53248	1424 4	
1	2789 4	1424 4	
2	165 8	
2	2796 8	2784 4	
1	2784 4	2797 8	
1	
2	2799 4	
2	2800 8	
1	2801 8	191 4	1398 4	
2	2800 8	
1	2803 8	1408 4	
1	2804 4	2814 53248	2821 52	2831 53248	2838 52	2851 52	2916 8	2922 8	2929 53248	2938 53248	3009 8	3015 8	3032 8	3038 8	3045 53248	3059 8	3065 8	3072 53248	3081 53248	3177 8	3213 106496	3232 53248	3267 8	3273 8	3280 53248	3289 53248	3322 8	3333 53248	
13312	2797 8	2804 4	2798 4	
2	
13312	2791 53248	2807 8	
1	
2	2809 4	
2	2810 8	
13312	2811 8	193 53248	1398 4	
2	2810 8	
13312	2813 8	1408 4	
13312	2814 53248	
1	
2	2816 4	
2	2817 8	
13	2818 8	248 52	1398 4	
2	2817 8	
13	2820 8	1408 4	
13312	2821 52	2785 53248	2815 53248	
13312	2821 52	2815 53248	2785 53248	
2	
13312	2792 53248	2824 8	
1	
2	2826 4	
2	2827 8	
13312	2828 8	194 53248	1398 4	
2	2827 8	
13312	2830 8	1408 4	
13312	2831 53248	
1	
2	2833 4	
2	2834 8	
13	2835 8	250 52	1398 4	
2	2834 8	
13	2837 8	1408 4	
13312	2838 52	2786 53248	2832 53248	
13312	2838 52	2832 53248	2786 53248	
1	2793 53248	
1	2794 53248	
1	2795 4	
13312	159 53248	
13312	2844 53248	1408 4	
1	
2	2846 4	
2	2847 8	
13	2848 8	245 52	1398 4	
2	2847 8	
13	2850 8	1408 4	
13312	2851 52	2806 53248	2845 53248	
13312	2851 52	2845 53248	2806 53248	
2	
13312	2841 53248	2854 8	
1	
2	2856 4	
2	2857 8	
13312	2858 8	358 53248	1416 4	
2	2857 8	
13312	2860 8	1426 4	
1	2861 53248	2869 52	2879 53248	2886 52	2897 4	2950 52	2974 8	2980 8	2987 53248	2996 53248	3093 8	3099 8	3116 8	3122 8	3129 53248	3143 8	3149 8	3156 53248	3165 53248	3197 8	3251 106496	3303 53248	3348 8	3354 8	3361 53248	3370 53248	3382 8	3393 53248	
13312	2861 53248	
1	
2	2864 4	
2	2865 8	
13	2866 8	413 52	1416 4	
2	2865 8	
13	2868 8	1426 4	
13312	2869 52	2793 53248	2863 53248	
13312	2869 52	2863 53248	2793 53248	
2	
13312	2842 53248	2872 8	
1	
2	2874 4	
2	2875 8	
13312	2876 8	359 53248	1416 4	
2	2875 8	
13312	2878 8	1426 4	
13312	2879 53248	
1	
2	2881 4	
2	2882 8	
13	2883 8	415 52	1416 4	
2	2882 8	
13	2885 8	1426 4	
13312	2886 52	2794 53248	2880 53248	
13312	2886 52	2880 53248	2794 53248	
2	330 8	
2	2889 8	2795 4	
1	2795 4	2890 8	
1	
2	2892 4	
2	2893 8	
1	2894 8	356 4	1416 4	
2	2893 8	
1	2896 8	1426 4	
13312	2890 8	2897 4	2891 4	
1	159 53248	
1	
13312	2899 8	2900 4	
13312	2901 53248	
13312	2902 53248	2906 53248	
13312	2903 53248	1406 4	
13312	2904 53248	2852 53248	
13312	2905 53248	
1	2904 53248	
13312	2840 53248	2853 53248	
1	241 53248	
1	242 53248	
1	
2	2911 4	
2	2912 8	
2	2913 8	2909 8	1398 4	
2	2912 8	
2	2915 8	1408 4	
1	
2	2917 4	
2	2918 8	
2	2919 8	2910 8	1398 4	
2	2918 8	
2	2921 8	1408 4	
13	2916 8	2922 8	
1	
2	2924 4	
2	2925 8	
13312	2926 8	242 53248	1398 4	
2	2925 8	
13312	2928 8	1408 4	
13312	2908 53248	2929 53248	
1	2930 53248	2923 52	
13312	2931 53248	2916 8	
1	
2	2933 4	
2	2934 8	
13312	2935 8	241 53248	1398 4	
2	2934 8	
13312	2937 8	1408 4	
13312	2938 53248	2908 53248	
1	2939 53248	2923 52	
13312	2940 53248	2922 8	
1	2784 4	
13312	324 53248	
13312	2943 53248	1426 4	
1	
2	2945 4	
2	2946 8	
13	2947 8	410 52	1416 4	
2	2946 8	
13	2949 8	1426 4	
13312	2950 52	2898 53248	2944 53248	
13312	2950 52	2944 53248	2898 53248	
2	
13312	2907 53248	2953 8	
13312	2938 53248	2932 53248	
13312	2929 53248	2941 53248	
1	324 53248	
1	
13312	2957 8	2958 4	
13312	2959 53248	
13312	2960 53248	2964 53248	
13312	2961 53248	1424 4	
13312	2962 53248	2951 53248	
13312	2963 53248	
1	2962 53248	
13312	2888 53248	2952 53248	
1	406 53248	
1	407 53248	
1	
2	2969 4	
2	2970 8	
2	2971 8	2967 8	1416 4	
2	2970 8	
2	2973 8	1426 4	
1	
2	2975 4	
2	2976 8	
2	2977 8	2968 8	1416 4	
2	2976 8	
2	2979 8	1426 4	
13	2974 8	2980 8	
1	
2	2982 4	
2	2983 8	
13312	2984 8	407 53248	1416 4	
2	2983 8	
13312	2986 8	1426 4	
13312	2966 53248	2987 53248	
1	2988 53248	2981 52	
13312	2989 53248	2974 8	
1	
2	2991 4	
2	2992 8	
13312	2993 8	406 53248	1416 4	
2	2992 8	
13312	2995 8	1426 4	
13312	2996 53248	2966 53248	
1	2997 53248	2981 52	
13312	2998 53248	2980 8	
1	2795 4	
13312	2823 53248	2955 53248	
1	236 53248	
1	239 53248	
1	
2	3004 4	
2	3005 8	
2	3006 8	3002 8	1398 4	
2	3005 8	
2	3008 8	1408 4	
1	
2	3010 4	
2	3011 8	
2	3012 8	3003 8	1398 4	
2	3011 8	
2	3014 8	1408 4	
13	3009 8	3015 8	
1	3001 53248	3016 52	
13312	3017 53248	3009 8	
1	3001 53248	3016 52	
13312	3019 53248	3015 8	
2	
13312	2965 53248	3021 8	
13312	2996 53248	2990 53248	
13312	2987 53248	2999 53248	
1	193 53248	
1	235 53248	
1	
2	3027 4	
2	3028 8	
2	3029 8	3025 8	1398 4	
2	3028 8	
2	3031 8	1408 4	
1	
2	3033 4	
2	3034 8	
2	3035 8	3026 8	1398 4	
2	3034 8	
2	3037 8	1408 4	
13	3032 8	3038 8	
1	
2	3040 4	
2	3041 8	
13312	3042 8	235 53248	1398 4	
2	3041 8	
13312	3044 8	1408 4	
13312	3018 53248	3045 53248	
1	3046 53248	3039 52	
13312	3047 53248	3032 8	
13312	2814 53248	3018 53248	
1	3049 53248	3039 52	
13312	3050 53248	3038 8	
1	237 53248	
1	238 53248	
1	
2	3054 4	
2	3055 8	
2	3056 8	3052 8	1398 4	
2	3055 8	
2	3058 8	1408 4	
1	
2	3060 4	
2	3061 8	
2	3062 8	3053 8	1398 4	
2	3061 8	
2	3064 8	1408 4	
13	3059 8	3065 8	
1	
2	3067 4	
2	3068 8	
13312	3069 8	238 53248	1398 4	
2	3068 8	
13312	3071 8	1408 4	
13312	3020 53248	3072 53248	
1	3073 53248	3066 52	
13312	3074 53248	3059 8	
1	
2	3076 4	
2	3077 8	
13312	3078 8	237 53248	1398 4	
2	3077 8	
13312	3080 8	1408 4	
13312	3081 53248	3020 53248	
1	3082 53248	3066 52	
13312	3083 53248	3065 8	
13312	2871 53248	3023 53248	
1	401 53248	
1	404 53248	
1	
2	3088 4	
2	3089 8	
2	3090 8	3086 8	1416 4	
2	3089 8	
2	3092 8	1426 4	
1	
2	3094 4	
2	3095 8	
2	3096 8	3087 8	1416 4	
2	3095 8	
2	3098 8	1426 4	
13	3093 8	3099 8	
1	3085 53248	3100 52	
13312	3101 53248	3093 8	
1	3085 53248	3100 52	
13312	3103 53248	3099 8	
13312	2822 53248	3048 53248	
13312	3045 53248	3051 53248	
13312	3081 53248	3075 53248	
13312	3072 53248	3084 53248	
1	358 53248	
1	400 53248	
1	
2	3111 4	
2	3112 8	
2	3113 8	3109 8	1416 4	
2	3112 8	
2	3115 8	1426 4	
1	
2	3117 4	
2	3118 8	
2	3119 8	3110 8	1416 4	
2	3118 8	
2	3121 8	1426 4	
13	3116 8	3122 8	
1	
2	3124 4	
2	3125 8	
13312	3126 8	400 53248	1416 4	
2	3125 8	
13312	3128 8	1426 4	
13312	3102 53248	3129 53248	
1	3130 53248	3123 52	
13312	3131 53248	3116 8	
13312	2861 53248	3102 53248	
1	3133 53248	3123 52	
13312	3134 53248	3122 8	
1	402 53248	
1	403 53248	
1	
2	3138 4	
2	3139 8	
2	3140 8	3136 8	1416 4	
2	3139 8	
2	3142 8	1426 4	
1	
2	3144 4	
2	3145 8	
2	3146 8	3137 8	1416 4	
2	3145 8	
2	3148 8	1426 4	
13	3143 8	3149 8	
1	
2	3151 4	
2	3152 8	
13312	3153 8	403 53248	1416 4	
2	3152 8	
13312	3155 8	1426 4	
13312	3104 53248	3156 53248	
1	3157 53248	3150 52	
13312	3158 53248	3143 8	
1	
2	3160 4	
2	3161 8	
13312	3162 8	402 53248	1416 4	
2	3161 8	
13312	3164 8	1426 4	
13312	3165 53248	3104 53248	
1	3166 53248	3150 52	
13312	3167 53248	3149 8	
13312	3105 53248	
1	232 53248	
1	1408 4	
1	
2	3172 4	
2	3173 8	
2	3174 8	3170 8	1398 4	
2	3173 8	
2	3176 8	1408 4	
13	3177 8	3171 4	
1	3106 53248	3178 52	
13312	3179 53248	3177 8	
1	3106 53248	3178 52	
1	3181 53248	3171 4	
13312	2870 53248	3132 53248	
13312	3129 53248	3135 53248	
13312	3165 53248	3159 53248	
13312	3156 53248	3168 53248	
1	1408 4	
53248	3107 53248	3108 53248	3180 53248	2956 53248	3187 4	
13312	3183 53248	
1	397 53248	
1	1426 4	
1	
2	3192 4	
2	3193 8	
2	3194 8	3190 8	1416 4	
2	3193 8	
2	3196 8	1426 4	
13	3197 8	3191 4	
1	3184 53248	3198 52	
13312	3199 53248	3197 8	
1	3184 53248	3198 52	
1	3201 53248	3191 4	
4096	3188 212992	
1	1426 4	
53248	3185 53248	3186 53248	3200 53248	3024 53248	3204 4	
8388608	219 33554432	
109051904	3188 212992	3206 33554432	
1	
2	3208 4	
2	3209 8	
26624	3210 8	225 106496	1398 4	
2	3209 8	
26624	3212 8	1408 4	
109051904	3213 106496	3188 212992	
4096	
4096	3215 16384	
4096	3216 16384	3220 16384	
4096	3217 16384	1406 4	
4096	3218 16384	3203 16384	
4096	3219 16384	
1	3218 16384	
4096	3205 212992	
1	1408 4	
1	1408 4	
1	3224 4	3223 4	
1	209 53248	
1	
2	3227 4	
2	3228 8	
13312	3229 8	209 53248	1398 4	
2	3228 8	
13312	3231 8	1408 4	
1	3232 53248	2831 53248	
2	3225 4	3233 8	3233 8	
13312	3207 106496	3234 8	3233 8	
13312	3207 106496	3234 8	3233 8	
8388608	
8388608	3237 33554432	
8388608	3238 33554432	3242 33554432	
8388608	3239 33554432	1406 4	
8388608	3240 33554432	3214 33554432	
8388608	3241 33554432	
1	3240 33554432	
8388608	384 33554432	
109051904	3205 212992	3244 33554432	
1	
2	3246 4	
2	3247 8	
26624	3248 8	390 106496	1416 4	
2	3247 8	
26624	3250 8	1426 4	
109051904	3251 106496	3205 212992	
4096	
4096	3253 16384	
4096	3254 16384	3258 16384	
4096	3255 16384	1424 4	
4096	3256 16384	3222 16384	
4096	3257 16384	
1	3256 16384	
1	208 53248	
1	207 53248	
1	
2	3262 4	
2	3263 8	
2	3264 8	3260 8	1398 4	
2	3263 8	
2	3266 8	1408 4	
1	
2	3268 4	
2	3269 8	
2	3270 8	3261 8	1398 4	
2	3269 8	
2	3272 8	1408 4	
13	3267 8	3273 8	
1	
2	3275 4	
2	3276 8	
13312	3277 8	207 53248	1398 4	
2	3276 8	
13312	3279 8	1408 4	
13312	3235 53248	3280 53248	
1	3281 53248	3274 52	
13312	3282 53248	3267 8	
1	
2	3284 4	
2	3285 8	
13312	3286 8	208 53248	1398 4	
2	3285 8	
13312	3288 8	1408 4	
13312	3289 53248	3235 53248	
1	3290 53248	3274 52	
13312	3291 53248	3273 8	
13312	2839 53248	3236 53248	
1	1426 4	
1	1426 4	
1	3295 4	3294 4	
1	374 53248	
1	
2	3298 4	
2	3299 8	
13312	3300 8	374 53248	1416 4	
2	3299 8	
13312	3302 8	1426 4	
1	3303 53248	2879 53248	
2	3296 4	3304 8	3304 8	
13312	3245 106496	3305 8	3304 8	
13312	3245 106496	3305 8	3304 8	
8388608	
8388608	3308 33554432	
8388608	3309 33554432	3313 33554432	
8388608	3310 33554432	1424 4	
8388608	3311 33554432	3252 33554432	
8388608	3312 33554432	
1	3311 33554432	
1	197 53248	
1	1408 4	
1	
2	3317 4	
2	3318 8	
2	3319 8	3315 8	1398 4	
2	3318 8	
2	3321 8	1408 4	
13	3322 8	3316 4	
1	1408 4	
13312	3283 53248	3324 4	
1	3325 53248	3323 52	
13312	3326 53248	3322 8	
1	
2	3328 4	
2	3329 8	
13312	3330 8	197 53248	1398 4	
2	3329 8	
13312	3332 8	1408 4	
13312	3333 53248	
13312	3334 53248	3324 4	
13312	3335 53248	3324 4	
13312	3283 53248	3336 53248	
1	3337 53248	3323 52	
1	3338 53248	3316 4	
13312	3293 53248	
1	373 53248	
1	372 53248	
1	
2	3343 4	
2	3344 8	
2	3345 8	3341 8	1416 4	
2	3344 8	
2	3347 8	1426 4	
1	
2	3349 4	
2	3350 8	
2	3351 8	3342 8	1416 4	
2	3350 8	
2	3353 8	1426 4	
13	3348 8	3354 8	
1	
2	3356 4	
2	3357 8	
13312	3358 8	372 53248	1416 4	
2	3357 8	
13312	3360 8	1426 4	
13312	3306 53248	3361 53248	
1	3362 53248	3355 52	
13312	3363 53248	3348 8	
1	
2	3365 4	
2	3366 8	
13312	3367 8	373 53248	1416 4	
2	3366 8	
13312	3369 8	1426 4	
13312	3370 53248	3306 53248	
1	3371 53248	3355 52	
13312	3372 53248	3354 8	
13312	2887 53248	3307 53248	
1	362 53248	
1	1426 4	
1	
2	3377 4	
2	3378 8	
2	3379 8	3375 8	1416 4	
2	3378 8	
2	3381 8	1426 4	
13	3382 8	3376 4	
1	1426 4	
13312	3364 53248	3384 4	
1	3385 53248	3383 52	
13312	3386 53248	3382 8	
1	
2	3388 4	
2	3389 8	
13312	3390 8	362 53248	1416 4	
2	3389 8	
13312	3392 8	1426 4	
13312	3393 53248	
13312	3394 53248	3384 4	
13312	3395 53248	3384 4	
13312	3364 53248	3396 53248	
1	3397 53248	3383 52	
1	3398 53248	3376 4	
13312	3374 53248	
2	166 8	
1	175 4	
2	3401 8	3402 4	1408 4	
1	3402 4	3403 8	
1	3403 8	2804 4	3327 53248	3404 4	
1	
1	3406 4	
1	3407 4	3411 4	
1	3408 4	1406 4	
1	3409 4	3405 4	
1	3410 4	
1	3409 4	
2	331 8	
1	340 4	
2	3413 8	3414 4	1426 4	
1	3414 4	3415 8	
1	3415 8	2897 4	3387 53248	3416 4	
2	166 8	3412 4	
1	3412 4	3418 8	
173056	3418 8	174 52	3419 4	
1	
1	3421 4	
1	3422 4	3426 4	
1	3423 4	1424 4	
1	3424 4	3417 4	
1	3425 4	
1	3424 4	
2	331 8	3427 4	
1	3427 4	3428 8	
173056	3428 8	339 52	3429 4	
173056	3430 692224	69 676	
173056	3431 692224	3420 692224	
2	
2	3433 16	
1	98 676	
1	
1	3435 4	3436 4	
1	
1	
1	
1	3434 8	3438 4	3439 4	3440 4	
1	
2	3437 4	3441 4	3442 4	
13312	3432 692224	3443 8	
13	98 676	3437 4	
13312	3444 53248	
13312	1752 53248	
8388608	3243 33554432	
4096	3221 16384	
8388608	3314 33554432	
4096	3259 16384	
12582912	2683 50331648	
4096	2662 16384	
1048576	2181 4194304	
12582912	2344 50331648	
4096	2317 16384	
1048576	2139 4194304	
1024	2124 4096	
1	2066 4	
1024	2096 4096	
12582912	1796 50331648	
4096	1769 16384	
37425152	1474 149700608	
18	3446 4	3447 4	3448 4	3449 4	3450 4	3451 4	3452 4	3453 4	3454 4	3455 4	3456 4	3457 4	3458 4	3459 4	3460 4	3461 4	3462 4	3463 4	
1	
18	3464 72	3465 4	
1	
1	3466 4	3467 4	
1	3468 4	
1	
1	3470 4	3469 4	
1	
1	
1	3472 4	3473 4	
1	3471 4	3474 4	
1	
1	3476 4	3475 4	
13312	3444 53248	3477 4	
13312	3478 53248	
13312	1752 53248	3477 4	
13312	3480 53248	
8388608	3243 33554432	3477 4	
8388608	3482 33554432	
4096	3221 16384	3477 4	
4096	3484 16384	
8388608	3314 33554432	3477 4	
8388608	3486 33554432	
4096	3259 16384	3477 4	
4096	3488 16384	
12582912	2683 50331648	3477 4	
12582912	3490 50331648	
4096	2662 16384	3477 4	
4096	3492 16384	
1048576	2181 4194304	3477 4	
1048576	3494 4194304	
12582912	2344 50331648	3477 4	
12582912	3496 50331648	
4096	2317 16384	3477 4	
4096	3498 16384	
1048576	2139 4194304	3477 4	
1048576	3500 4194304	
1024	2124 4096	3477 4	
1024	3502 4096	
1	2066 4	3477 4	
1	3504 4	
1024	2096 4096	3477 4	
1024	3506 4096	
12582912	1796 50331648	3477 4	
12582912	3508 50331648	
4096	1769 16384	3477 4	
4096	3510 16384	
37425152	1474 149700608	3477 4	
37425152	3512 149700608	
1	
1	3514 1	3469 4	
13312	3479 53248	
13312	3481 53248	
8388608	3483 33554432	
4096	3485 16384	
8388608	3487 33554432	
4096	3489 16384	
12582912	3491 50331648	
4096	3493 16384	
1048576	3495 4194304	
12582912	3497 50331648	
4096	3499 16384	
1048576	3501 4194304	
1024	3503 4096	
1	3505 4	
1024	3507 4096	
12582912	3509 50331648	
4096	3511 16384	
37425152	3513 149700608	
18	3516 4	3517 4	3518 4	3519 4	3520 4	3521 4	3522 4	3523 4	3524 4	3525 4	3526 4	3527 4	3528 4	3529 4	3530 4	3531 4	3532 4	3533 4	
1	
18	3534 72	3535 4	
1	
1	3536 4	3537 4	
1	3538 4	
1	
1	3540 1	3539 4	
13312	3479 53248	1351 4	
37425152	77 149700608	3445 52	3542 53248	
13312	3481 53248	1351 4	
37425152	87 149700608	1753 52	3544 53248	
8388608	217 33554432	1351 4	3483 33554432	
4096	221 16384	1351 4	3485 16384	
8388608	382 33554432	1351 4	3487 33554432	
4096	386 16384	1351 4	3489 16384	
12582912	552 50331648	1351 4	3491 50331648	
4096	556 16384	1351 4	3493 16384	
1048576	668 4194304	1351 4	3495 4194304	
12582912	944 50331648	1351 4	3497 50331648	
4096	948 16384	1351 4	3499 16384	
1048576	997 4194304	1351 4	3501 4194304	
1024	1011 4096	1351 4	3503 4096	
1	1016 4	1351 4	3505 4	
1024	1020 4096	1351 4	3507 4096	
12582912	1100 50331648	1351 4	3509 50331648	
4096	1104 16384	1351 4	3511 16384	
37425152	1206 149700608	1351 4	3513 149700608	
1	3552 4194304	3555 4194304	3556 4096	3557 4	3558 4096	3561 149700608	
1	3543 149700608	3545 149700608	3546 33554432	3547 16384	3548 33554432	3549 16384	3550 50331648	3551 16384	3553 50331648	3554 16384	3559 50331648	3560 16384	
1	3562 4	3563 4	
1	3564 4	
1	1308 4	3565 4	
1	
1	3567 1	1351 4	
1	
1	3569 1	1299 4	
1	3568 4	3570 4	3515 4	3541 4	
1	
19	
19	
1	3572 1	3573 361	3574 361	1308 4	668 4194304	1020 4096	1016 4	1011 4096	997 4194304	948 16384	944 50331648	1104 16384	1100 50331648	1206 149700608	386 16384	382 33554432	221 16384	217 33554432	556 16384	552 50331648	87 149700608	77 149700608	
1	3572 1	3575 4	
1	
1	
1	3572 1	3577 1	3578 1	
1	1308 4	3579 4	
1	
1	
1	3572 1	3581 1	3582 1	
1048576	668 4194304	3583 4	
1	
1	
1	3572 1	3585 1	3586 1	
1024	1020 4096	3587 4	
1	
1	
1	3572 1	3589 1	3590 1	
1	1016 4	3591 4	
1	
1	
1	3572 1	3593 1	3594 1	
1024	1011 4096	3595 4	
1	
1	
1	3572 1	3597 1	3598 1	
1048576	997 4194304	3599 4	
1	
1	
1	3572 1	3601 1	3602 1	
4096	948 16384	3603 4	
1	
1	
1	3572 1	3605 1	3606 1	
12582912	944 50331648	3607 4	
1	
1	
1	3572 1	3609 1	3610 1	
4096	1104 16384	3611 4	
1	
1	
1	3572 1	3613 1	3614 1	
12582912	1100 50331648	3615 4	
1	
1	
1	3572 1	3617 1	3618 1	
37425152	1206 149700608	3619 4	
1	
1	
1	3572 1	3621 1	3622 1	
4096	386 16384	3623 4	
1	
1	
1	3572 1	3625 1	3626 1	
8388608	382 33554432	3627 4	
1	
1	
1	3572 1	3629 1	3630 1	
4096	221 16384	3631 4	
1	
1	
1	3572 1	3633 1	3634 1	
8388608	217 33554432	3635 4	
1	
1	
1	3572 1	3637 1	3638 1	
4096	556 16384	3639 4	
1	
1	
1	3572 1	3641 1	3642 1	
12582912	552 50331648	3643 4	
1	
1	
1	3572 1	3645 1	3646 1	
37425152	87 149700608	3647 4	
1	
1	
1	3572 1	3649 1	3650 1	
37425152	77 149700608	3651 4	
1	3580 4	3584 4194304	3588 4096	3592 4	3596 4096	3600 4194304	3620 149700608	
1	3604 16384	3608 50331648	3612 16384	3616 50331648	3624 16384	3628 33554432	3632 16384	3636 33554432	3640 16384	3644 50331648	3648 149700608	3652 149700608	
1	3653 4	3654 4	
1	669 4194304	998 4194304	1012 4096	1017 4	1021 4096	1207 149700608	1309 4	
1	78 149700608	88 149700608	218 33554432	222 16384	383 33554432	387 16384	553 50331648	557 16384	945 50331648	949 16384	1101 50331648	1105 16384	
1	3656 4	3657 4	
1	3 4	7 4	
