0
3660 5531
0 111
0 1 0 
1 1 0 
2 1 0 
3 1 2 4 0 1 2 
4 1 0 
5 1 0 
6 1 0 
7 1 2 4 4 1 6 
8 1 0 
9 1 0 
10 1 0 
11 1 0 
12 1 0 
13 1 0 
14 1 0 
15 1 0 
16 1 3 4 0 1 15 8 1 
17 1 1 4 16 
18 1 0 
19 1 3 4 4 1 18 8 5 
20 1 1 4 19 
21 1 0 
22 1 3 4 4 1 21 8 5 
23 1 1 4 22 
24 1 0 
25 1 0 
26 1 0 
27 1 0 
28 1 0 
29 1 0 
30 1 0 
31 1 0 
32 1 0 
33 1 0 
34 1 0 
35 1 0 
36 1 0 
37 1 0 
38 1 0 
39 1 0 
40 1 0 
41 1 0 
42 1 0 
43 1 0 
44 1 0 
45 1 3 8 43 8 44 8 26 
46 1 3 1 8 1 9 8 10 
47 1 3 1 11 1 12 8 13 
48 1 2 4 46 4 47 
49 1 2 4 45 4 48 
50 1 3 4 49 8 24 8 25 
51 1 1 4 50 
52 1 2 4 51 8 14 
53 1 4 4 52 8 27 8 28 8 29 
54 1 2 4 53 4 30 
55 1 2 4 54 8 31 
56 1 1 4 55 
57 1 2 4 56 4 32 
58 1 2 4 57 8 33 
59 1 2 4 58 4 34 
60 1 2 4 59 8 35 
61 1 6 4 60 4 0 8 1 4 4 8 5 4 36 
62 1 2 4 61 8 37 
63 1 4 4 62 4 20 4 23 4 38 
64 1 2 4 63 8 39 
65 1 2 4 64 4 40 
66 1 2 4 65 8 41 
67 1 3 4 66 4 17 4 23 
68 1 2 4 67 4 42 
69 1 1 4 42 
70 2 0 
71 1 0 
72 1 0 
73 37425152 1 8 70 
74 1 2 4 72 4 71 
75 37425152 2 149700608 73 4 74 
76 37425152 2 149700608 75 4 71 
77 37425152 0 
78 37425152 2 149700608 77 149700608 76 
79 37425152 1 149700608 77 
80 2 0 
81 1 0 
82 1 0 
83 37425152 1 8 80 
84 1 2 4 82 4 81 
85 37425152 2 149700608 83 4 84 
86 37425152 2 149700608 85 4 81 
87 37425152 0 
88 37425152 2 149700608 87 149700608 86 
89 37425152 1 149700608 87 
90 1 1 676 69 
91 1 1 676 69 
92 1 0 
93 1 2 4 91 4 92 
94 1 0 
95 1 0 
96 1 3 4 94 4 91 4 95 
97 2 2 4 93 8 96 
98 169 2 676 69 8 97 
99 173056 2 149700608 79 676 98 
100 1 0 
101 1 0 
102 1 0 
103 1 0 
104 1 0 
105 1 0 
106 13 1 676 69 
107 1 1 692224 99 
108 1 0 
109 1 0 
110 1 0 
111 1 4 12 107 4 108 4 109 4 110 
112 1 0 
113 1 2 4 111 4 112 
114 1 0 
115 1 0 
116 2 3 4 113 4 114 4 115 
117 1 0 
118 13312 2 8 116 4 117 
119 1 0 
120 1 2 4 111 4 119 
121 1 0 
122 1 0 
123 1 2 4 111 4 122 
124 1 0 
125 1 0 
126 2 3 4 123 4 124 4 125 
127 1 0 
128 13312 2 8 126 4 127 
129 1 0 
130 1 2 4 111 4 129 
131 1 0 
132 1 1 52 106 
133 1 1 4 111 
134 1 2 4 132 4 133 
135 1 0 
136 1 2 4 134 4 135 
137 1 0 
138 1 0 
139 1 0 
140 1 0 
141 1 5 4 136 1 139 4 133 1 140 4 132 
142 13 2 52 106 4 141 
143 1 1 692224 99 
144 1 0 
145 1 0 
146 1 0 
147 1 4 12 143 4 144 4 145 4 146 
148 1 1 692224 99 
149 1 0 
150 1 0 
151 1 0 
152 1 4 12 148 4 149 4 150 4 151 
153 1 0 
154 1 2 4 152 4 153 
155 1 0 
156 1 0 
157 2 3 4 154 4 155 4 156 
158 1 0 
159 13312 2 8 157 4 158 
160 1 0 
161 1 2 52 142 4 160 
162 1 0 
163 1 2 52 142 4 162 
164 1 0 
165 2 1 4 147 
166 2 1 4 147 
167 1 1 692224 99 
168 1 0 
169 1 0 
170 1 0 
171 1 4 12 167 4 168 4 169 4 170 
172 1 0 
173 1 0 
174 1 3 4 172 4 171 4 173 
175 1 4 8 166 52 174 692224 99 8 166 
176 1 1 4 164 
177 1 1 8 165 
178 13312 1 53248 118 
179 13312 1 53248 128 
180 1 2 4 176 4 256 
181 1 2 4 177 4 257 
182 13312 2 53248 178 53248 258 
183 13312 2 53248 179 53248 259 
184 1 1 4 147 
185 1 2 4 180 4 184 
186 1 1 4 185 
187 1 2 4 180 4 186 
188 1 2 4 181 4 186 
189 13312 2 53248 182 4 186 
190 13312 2 53248 183 4 186 
191 1 1 4 187 
192 1 1 4 188 
193 13312 1 53248 189 
194 13312 1 53248 190 
195 2 1 8 166 
196 1 1 4 175 
197 13312 3 8 195 4 191 4 196 
198 1 1 4 191 
199 1 1 53248 197 
200 1 1 4 191 
201 1 1 4 191 
202 13312 1 8 199 
203 1 2 4 201 4 200 
204 13312 2 53248 202 4 203 
205 13312 2 53248 204 4 200 
206 13312 2 4 198 53248 205 
207 13312 1 53248 206 
208 13312 2 53248 197 4 198 
209 13312 2 53248 208 53248 207 
210 2 0 
211 1 0 
212 1 0 
213 8388608 1 8 210 
214 1 2 4 212 4 211 
215 8388608 2 33554432 213 4 214 
216 8388608 2 33554432 215 4 211 
217 8388608 0 
218 8388608 2 33554432 217 33554432 216 
219 8388608 1 33554432 217 
220 4096 0 
221 4096 0 
222 4096 2 16384 221 16384 220 
223 4096 1 16384 221 
224 1 1 4 191 
225 26624 3 53248 209 53248 194 4 224 
226 8388608 1 33554432 219 
227 109051904 2 106496 225 33554432 226 
228 4096 1 16384 223 
229 53248 2 212992 227 16384 228 
230 1 1 4 191 
231 1 1 4 191 
232 13312 2 4 231 212992 229 
233 1 1 4 191 
234 13312 2 53248 232 4 233 
235 13312 1 53248 234 
236 13312 2 53248 193 53248 235 
237 13312 1 53248 232 
238 13312 1 53248 232 
239 13312 2 53248 237 53248 238 
240 13312 2 53248 236 53248 239 
241 13312 1 53248 240 
242 13312 1 53248 232 
243 13312 2 53248 241 53248 242 
244 13 1 52 142 
245 13 2 4 191 52 244 
246 13312 1 53248 159 
247 13312 3 52 245 53248 246 53248 243 
248 13 2 4 191 52 244 
249 13312 3 52 248 53248 193 53248 240 
250 13 2 4 191 52 244 
251 13312 3 52 250 53248 194 53248 243 
252 2 1 8 165 
253 1 4 8 252 4 191 53248 247 4 192 
254 1 1 4 191 
255 1 2 4 191 4 254 
256 1 1 4 255 
257 1 1 4 253 
258 13312 1 53248 249 
259 13312 1 53248 251 
260 1 1 4 187 
261 1 1 4 188 
262 1 1 53248 189 
263 1 1 53248 190 
264 1 2 8 165 4 261 
265 1 0 
266 1 0 
267 1 3 4 265 4 264 4 266 
268 173056 3 8 165 52 267 4 261 
269 1 0 
270 173056 2 692224 99 676 69 
271 13 1 676 69 
272 1 1 692224 270 
273 1 0 
274 1 0 
275 1 0 
276 1 4 12 272 4 273 4 274 4 275 
277 1 0 
278 1 2 4 276 4 277 
279 1 0 
280 1 0 
281 2 3 4 278 4 279 4 280 
282 1 0 
283 13312 2 8 281 4 282 
284 1 0 
285 1 2 4 276 4 284 
286 1 0 
287 1 0 
288 1 2 4 276 4 287 
289 1 0 
290 1 0 
291 2 3 4 288 4 289 4 290 
292 1 0 
293 13312 2 8 291 4 292 
294 1 0 
295 1 2 4 276 4 294 
296 1 0 
297 1 1 52 271 
298 1 1 4 276 
299 1 2 4 297 4 298 
300 1 0 
301 1 2 4 299 4 300 
302 1 0 
303 1 0 
304 1 0 
305 1 0 
306 1 5 4 301 1 304 4 298 1 305 4 297 
307 13 2 52 271 4 306 
308 1 1 692224 270 
309 1 0 
310 1 0 
311 1 0 
312 1 4 12 308 4 309 4 310 4 311 
313 1 1 692224 270 
314 1 0 
315 1 0 
316 1 0 
317 1 4 12 313 4 314 4 315 4 316 
318 1 0 
319 1 2 4 317 4 318 
320 1 0 
321 1 0 
322 2 3 4 319 4 320 4 321 
323 1 0 
324 13312 2 8 322 4 323 
325 1 0 
326 1 2 52 307 4 325 
327 1 0 
328 1 2 52 307 4 327 
329 1 0 
330 2 1 4 312 
331 2 1 4 312 
332 1 1 692224 270 
333 1 0 
334 1 0 
335 1 0 
336 1 4 12 332 4 333 4 334 4 335 
337 1 0 
338 1 0 
339 1 3 4 337 4 336 4 338 
340 1 4 8 331 52 339 692224 270 8 331 
341 1 1 4 329 
342 1 1 8 330 
343 13312 1 53248 283 
344 13312 1 53248 293 
345 1 2 4 341 4 421 
346 1 2 4 342 4 422 
347 13312 2 53248 343 53248 423 
348 13312 2 53248 344 53248 424 
349 1 1 4 312 
350 1 2 4 345 4 349 
351 1 1 4 350 
352 1 2 4 345 4 351 
353 1 2 4 346 4 351 
354 13312 2 53248 347 4 351 
355 13312 2 53248 348 4 351 
356 1 1 4 352 
357 1 1 4 353 
358 13312 1 53248 354 
359 13312 1 53248 355 
360 2 1 8 331 
361 1 1 4 340 
362 13312 3 8 360 4 356 4 361 
363 1 1 4 356 
364 1 1 53248 362 
365 1 1 4 356 
366 1 1 4 356 
367 13312 1 8 364 
368 1 2 4 366 4 365 
369 13312 2 53248 367 4 368 
370 13312 2 53248 369 4 365 
371 13312 2 4 363 53248 370 
372 13312 1 53248 371 
373 13312 2 53248 362 4 363 
374 13312 2 53248 373 53248 372 
375 2 0 
376 1 0 
377 1 0 
378 8388608 1 8 375 
379 1 2 4 377 4 376 
380 8388608 2 33554432 378 4 379 
381 8388608 2 33554432 380 4 376 
382 8388608 0 
383 8388608 2 33554432 382 33554432 381 
384 8388608 1 33554432 382 
385 4096 0 
386 4096 0 
387 4096 2 16384 386 16384 385 
388 4096 1 16384 386 
389 1 1 4 356 
390 26624 3 53248 374 53248 359 4 389 
391 8388608 1 33554432 384 
392 109051904 2 106496 390 33554432 391 
393 4096 1 16384 388 
394 53248 2 212992 392 16384 393 
395 1 1 4 356 
396 1 1 4 356 
397 13312 2 4 396 212992 394 
398 1 1 4 356 
399 13312 2 53248 397 4 398 
400 13312 1 53248 399 
401 13312 2 53248 358 53248 400 
402 13312 1 53248 397 
403 13312 1 53248 397 
404 13312 2 53248 402 53248 403 
405 13312 2 53248 401 53248 404 
406 13312 1 53248 405 
407 13312 1 53248 397 
408 13312 2 53248 406 53248 407 
409 13 1 52 307 
410 13 2 4 356 52 409 
411 13312 1 53248 324 
412 13312 3 52 410 53248 411 53248 408 
413 13 2 4 356 52 409 
414 13312 3 52 413 53248 358 53248 405 
415 13 2 4 356 52 409 
416 13312 3 52 415 53248 359 53248 408 
417 2 1 8 330 
418 1 4 8 417 4 356 53248 412 4 357 
419 1 1 4 356 
420 1 2 4 356 4 419 
421 1 1 4 420 
422 1 1 4 418 
423 13312 1 53248 414 
424 13312 1 53248 416 
425 1 1 4 352 
426 1 1 4 353 
427 1 1 53248 354 
428 1 1 53248 355 
429 1 2 8 330 4 426 
430 1 0 
431 1 0 
432 1 3 4 430 4 429 4 431 
433 173056 3 8 330 52 432 4 426 
434 1 0 
435 173056 2 692224 433 676 69 
436 1 0 
437 346112 3 692224 268 692224 435 4 436 
438 1 0 
439 1 0 
440 1 0 
441 13 1 676 69 
442 1 1 1384448 437 
443 1 0 
444 1 0 
445 1 0 
446 1 4 12 442 4 443 4 444 4 445 
447 1 0 
448 1 2 4 446 4 447 
449 1 0 
450 1 0 
451 2 3 4 448 4 449 4 450 
452 1 0 
453 13312 2 8 451 4 452 
454 1 0 
455 1 2 4 446 4 454 
456 1 0 
457 1 0 
458 1 2 4 446 4 457 
459 1 0 
460 1 0 
461 2 3 4 458 4 459 4 460 
462 1 0 
463 13312 2 8 461 4 462 
464 1 0 
465 1 2 4 446 4 464 
466 1 0 
467 1 1 52 441 
468 1 1 4 446 
469 1 2 4 467 4 468 
470 1 0 
471 1 2 4 469 4 470 
472 1 0 
473 1 0 
474 1 0 
475 1 0 
476 1 5 4 471 1 474 4 468 1 475 4 467 
477 13 2 52 441 4 476 
478 1 1 1384448 437 
479 1 0 
480 1 0 
481 1 0 
482 1 4 12 478 4 479 4 480 4 481 
483 1 1 1384448 437 
484 1 0 
485 1 0 
486 1 0 
487 1 4 12 483 4 484 4 485 4 486 
488 1 0 
489 1 2 4 487 4 488 
490 1 0 
491 1 0 
492 2 3 4 489 4 490 4 491 
493 1 0 
494 13312 2 8 492 4 493 
495 1 0 
496 1 2 52 477 4 495 
497 1 0 
498 1 2 52 477 4 497 
499 1 0 
500 2 1 4 482 
501 2 1 4 482 
502 1 1 1384448 437 
503 1 0 
504 1 0 
505 1 0 
506 1 4 12 502 4 503 4 504 4 505 
507 1 0 
508 1 0 
509 1 3 4 507 4 506 4 508 
510 1 4 8 501 52 509 1384448 437 8 501 
511 1 1 4 499 
512 1 1 8 500 
513 13312 1 53248 453 
514 13312 1 53248 463 
515 1 2 4 511 4 591 
516 1 2 4 512 4 592 
517 13312 2 53248 513 53248 593 
518 13312 2 53248 514 53248 594 
519 1 1 4 482 
520 1 2 4 515 4 519 
521 1 1 4 520 
522 1 2 4 515 4 521 
523 1 2 4 516 4 521 
524 13312 2 53248 517 4 521 
525 13312 2 53248 518 4 521 
526 1 1 4 522 
527 1 1 4 523 
528 13312 1 53248 524 
529 13312 1 53248 525 
530 2 1 8 501 
531 1 1 4 510 
532 26624 3 8 530 4 526 4 531 
533 1 1 4 526 
534 1 1 106496 532 
535 1 1 4 526 
536 1 1 4 526 
537 26624 1 8 534 
538 1 2 4 536 4 535 
539 26624 2 106496 537 4 538 
540 26624 2 106496 539 4 535 
541 26624 2 4 533 106496 540 
542 26624 1 106496 541 
543 26624 2 106496 532 4 533 
544 26624 2 106496 543 106496 542 
545 2 0 
546 1 0 
547 1 0 
548 12582912 1 8 545 
549 1 2 4 547 4 546 
550 12582912 2 50331648 548 4 549 
551 12582912 2 50331648 550 4 546 
552 12582912 0 
553 12582912 2 50331648 552 50331648 551 
554 12582912 1 50331648 552 
555 4096 0 
556 4096 0 
557 4096 2 16384 556 16384 555 
558 4096 1 16384 556 
559 1 1 4 526 
560 39936 3 106496 544 53248 529 4 559 
561 12582912 1 50331648 554 
562 163577856 2 159744 560 50331648 561 
563 4096 1 16384 558 
564 53248 2 212992 562 16384 563 
565 1 1 4 526 
566 1 1 4 526 
567 13312 2 4 566 212992 564 
568 1 1 4 526 
569 13312 2 53248 567 4 568 
570 13312 1 53248 569 
571 13312 2 53248 528 53248 570 
572 13312 1 53248 567 
573 13312 1 53248 567 
574 13312 2 53248 572 53248 573 
575 13312 2 53248 571 53248 574 
576 13312 1 53248 575 
577 13312 1 53248 567 
578 13312 2 53248 576 53248 577 
579 13 1 52 477 
580 13 2 4 526 52 579 
581 13312 1 53248 494 
582 13312 3 52 580 53248 581 53248 578 
583 13 2 4 526 52 579 
584 13312 3 52 583 53248 528 53248 575 
585 13 2 4 526 52 579 
586 13312 3 52 585 53248 529 53248 578 
587 2 1 8 500 
588 1 4 8 587 4 526 53248 582 4 527 
589 1 1 4 526 
590 1 2 4 526 4 589 
591 1 1 4 590 
592 1 1 4 588 
593 13312 1 53248 584 
594 13312 1 53248 586 
595 1 1 4 522 
596 1 1 4 523 
597 1 1 53248 524 
598 1 1 53248 525 
599 1 2 8 500 4 596 
600 1 0 
601 1 0 
602 1 3 4 600 4 599 4 601 
603 173056 3 8 500 52 602 4 596 
604 1 0 
605 1 0 
606 1 3 4 4 1 605 8 5 
607 1 1 4 606 
608 1 0 
609 1 3 4 4 1 608 8 5 
610 1 1 4 609 
611 1 0 
612 1 2 676 69 4 611 
613 1 1 4 612 
614 1 0 
615 1 2 4 613 4 614 
616 1 1 4 615 
617 1 1 4 616 
618 3 0 
619 173056 2 692224 603 12 618 
620 1 1 692224 619 
621 1 0 
622 1 0 
623 1 0 
624 1 4 12 620 4 621 4 622 4 623 
625 1 0 
626 1 0 
627 1 3 4 625 4 624 4 626 
628 1 0 
629 1 2 676 69 4 628 
630 13 1 52 629 
631 169 2 52 627 52 630 
632 169 1 676 631 
633 1 1 676 69 
634 1 0 
635 1 0 
636 1 0 
637 1 4 4 633 4 634 4 635 4 636 
638 1 0 
639 1 1 692224 619 
640 1 0 
641 1 0 
642 1 0 
643 1 4 12 639 4 640 4 641 4 642 
644 1 2 4 637 4 643 
645 1 0 
646 1 2 4 644 4 645 
647 1 0 
648 1 0 
649 1 0 
650 1 0 
651 1 0 
652 1 0 
653 1 0 
654 1 0 
655 1 7 4 646 1 651 1 652 1 653 4 637 1 654 4 643 
656 1 2 676 632 4 655 
657 1 1 4 655 
658 3 3 8 656 4 638 4 657 
659 169 2 676 632 12 658 
660 173056 2 692224 619 676 659 
661 2 0 
662 1 0 
663 1 0 
664 1048576 1 8 661 
665 1 2 4 663 4 662 
666 1048576 2 4194304 664 4 665 
667 1048576 2 4194304 666 4 662 
668 1048576 0 
669 1048576 2 4194304 668 4194304 667 
670 1048576 1 4194304 668 
671 1 1 692224 660 
672 1 0 
673 1 0 
674 1 0 
675 1 2 4 673 4 674 
676 1 1 4 675 
677 1 2 4 676 4 673 
678 1 0 
679 1 2 4 673 4 678 
680 1 1 4 679 
681 1 2 4 673 4 672 
682 1 2 4 680 4 681 
683 1 2 4 677 4 682 
684 1 0 
685 1 0 
686 1 3 4 684 4 672 4 685 
687 13 2 12 686 4 683 
688 13 2 12 671 52 687 
689 1 2 12 671 4 683 
690 1 0 
691 1 2 52 688 4 690 
692 1 0 
693 1 2 4 689 4 692 
694 1 0 
695 13 3 4 689 52 688 4 694 
696 1 0 
697 13 3 52 687 4 683 4 696 
698 2 2 4 691 4 693 
699 2197 2 692224 660 52 697 
700 169 2 8788 699 8 698 
701 2 0 
702 1048576 2 4194304 670 8 701 
703 2 0 
704 1048576 2 4194304 702 8 703 
705 13631488 2 676 700 4194304 704 
706 1 0 
707 1 0 
708 13 3 52 688 4 706 4 707 
709 173056 2 53248 705 52 708 
710 1 1 692224 709 
711 1 0 
712 1 0 
713 1 0 
714 1 4 12 710 4 711 4 712 4 713 
715 1 1 692224 709 
716 1 0 
717 1 0 
718 1 0 
719 1 4 12 715 4 716 4 717 4 718 
720 1 0 
721 1 0 
722 1 0 
723 1 0 
724 1 0 
725 1 0 
726 1 0 
727 1 2 4 90 4 726 
728 1 0 
729 1 0 
730 2 3 4 727 4 728 4 729 
731 1 0 
732 13312 2 8 730 4 731 
733 1 0 
734 1 2 4 90 4 733 
735 1 0 
736 1 0 
737 1 2 4 90 4 736 
738 1 0 
739 1 0 
740 2 3 4 737 4 738 4 739 
741 1 0 
742 13312 2 8 740 4 741 
743 1 0 
744 1 2 4 90 4 743 
745 1 0 
746 1 2 4 90 4 714 
747 1 0 
748 1 2 4 746 4 747 
749 1 0 
750 1 0 
751 1 0 
752 1 0 
753 1 0 
754 1 0 
755 1 0 
756 1 0 
757 1 7 4 748 1 753 1 754 1 755 4 90 1 756 4 714 
758 13312 2 53248 732 4 757 
759 13312 2 53248 742 4 757 
760 1 0 
761 1 0 
762 1 2 4 90 4 761 
763 1 0 
764 1 0 
765 2 3 4 762 4 763 4 764 
766 1 0 
767 13312 2 8 765 4 766 
768 1 0 
769 1 2 4 90 4 768 
770 1 0 
771 1 0 
772 1 2 4 90 4 771 
773 1 0 
774 1 2 4 719 4 773 
775 1 0 
776 2 3 4 772 4 774 4 775 
777 1 0 
778 169 2 8 776 4 777 
779 1 0 
780 1 2 4 90 4 779 
781 1 0 
782 1 2 4 719 4 781 
783 1 0 
784 1 2 4 90 4 783 
785 1 0 
786 1 0 
787 2 3 4 784 4 785 4 786 
788 1 0 
789 13312 2 8 787 4 788 
790 1 0 
791 1 2 4 90 4 790 
792 1 0 
793 1 0 
794 1 2 4 90 4 793 
795 1 0 
796 1 0 
797 2 3 4 794 4 795 4 796 
798 1 0 
799 13312 2 8 797 4 798 
800 1 0 
801 1 2 4 90 4 800 
802 1 0 
803 1 1 676 69 
804 1 0 
805 1 2 4 803 4 804 
806 1 0 
807 1 0 
808 1 3 4 806 4 803 4 807 
809 2 2 4 805 8 808 
810 169 2 676 69 8 809 
811 173056 2 149700608 89 676 810 
812 1 1 692224 811 
813 1 0 
814 1 0 
815 1 0 
816 1 4 12 812 4 813 4 814 4 815 
817 2 1 4 816 
818 1 1 692224 811 
819 1 0 
820 1 0 
821 1 0 
822 1 4 12 818 4 819 4 820 4 821 
823 1 0 
824 1 0 
825 1 3 4 823 4 822 4 824 
826 1 4 8 817 52 825 692224 811 8 817 
827 2 0 
828 2 0 
829 2 0 
830 13312 4 692224 811 8 827 8 828 8 829 
831 13312 1 53248 830 
832 1 1 676 69 
833 1 0 
834 13 2 4 833 676 69 
835 1 0 
836 1 2 52 834 4 835 
837 1 2 4 836 4 836 
838 1 1 4 837 
839 1 1 4 837 
840 1 1 4 836 
841 13312 2 53248 831 4 840 
842 1 1 4 839 
843 2 2 8 817 4 840 
844 1 2 4 826 4 840 
845 13312 3 8 843 4 842 4 844 
846 13312 2 53248 845 53248 841 
847 1 0 
848 1 1 4 832 
849 1 0 
850 2 3 4 848 4 847 4 849 
851 1 0 
852 13312 2 8 850 4 851 
853 1 0 
854 1 1 4 832 
855 1 0 
856 1 3 4 854 4 853 4 855 
857 1 0 
858 13 2 4 856 4 857 
859 1 1 52 834 
860 1 0 
861 13 2 4 859 4 860 
862 1 0 
863 1 0 
864 2 1 4 863 
865 1 0 
866 2 1 4 865 
867 1 1 4 862 
868 1 1 8 864 
869 1 1 8 866 
870 13312 1 53248 427 
871 13312 1 53248 428 
872 13312 1 53248 767 
873 1 1 4 760 
874 169 1 676 778 
875 13312 1 53248 597 
876 13312 1 53248 598 
877 13312 1 53248 846 
878 13 1 52 834 
879 13 1 52 861 
880 1 2 4 867 4 1163 
881 1 2 4 868 4 1164 
882 1 2 4 869 4 1165 
883 13312 2 53248 870 53248 1166 
884 13312 2 53248 871 53248 1167 
885 13312 2 53248 872 53248 1168 
886 1 2 4 873 4 1169 
887 169 2 676 874 676 1170 
888 13312 2 53248 875 53248 1171 
889 13312 2 53248 876 53248 1172 
890 13312 2 53248 877 53248 1173 
891 13 2 52 878 52 1174 
892 13 2 52 879 52 1175 
893 1 1 4 880 
894 1 2 52 891 4 893 
895 1 1 4 894 
896 1 1 4 895 
897 1 2 4 880 4 896 
898 1 2 4 881 4 896 
899 1 2 4 882 4 896 
900 13312 2 53248 883 4 896 
901 13312 2 53248 884 4 896 
902 13312 2 53248 885 4 896 
903 1 2 4 886 4 896 
904 169 2 676 887 4 896 
905 13312 2 53248 888 4 896 
906 13312 2 53248 889 4 896 
907 13312 2 53248 890 4 896 
908 13 2 52 891 4 896 
909 13 2 52 892 4 896 
910 1 1 4 897 
911 1 1 4 898 
912 1 1 4 899 
913 13312 1 53248 900 
914 13312 1 53248 901 
915 13312 1 53248 902 
916 1 1 4 903 
917 169 1 676 904 
918 13312 1 53248 905 
919 13312 1 53248 906 
920 13312 1 53248 907 
921 13 1 52 908 
922 13 1 52 909 
923 1 1 4 910 
924 26624 3 53248 920 53248 915 4 923 
925 1 1 4 910 
926 1 1 106496 924 
927 1 1 4 910 
928 1 1 4 910 
929 26624 1 8 926 
930 1 2 4 928 4 927 
931 26624 2 106496 929 4 930 
932 26624 2 106496 931 4 927 
933 26624 2 4 925 106496 932 
934 26624 1 106496 933 
935 26624 2 106496 924 4 925 
936 26624 2 106496 935 106496 934 
937 2 0 
938 1 0 
939 1 0 
940 12582912 1 8 937 
941 1 2 4 939 4 938 
942 12582912 2 50331648 940 4 941 
943 12582912 2 50331648 942 4 938 
944 12582912 0 
945 12582912 2 50331648 944 50331648 943 
946 12582912 1 50331648 944 
947 4096 0 
948 4096 0 
949 4096 2 16384 948 16384 947 
950 4096 1 16384 948 
951 1 1 4 910 
952 39936 3 106496 936 53248 914 4 951 
953 12582912 1 50331648 946 
954 163577856 2 159744 952 50331648 953 
955 4096 1 16384 950 
956 53248 2 212992 954 16384 955 
957 1 1 4 910 
958 1 1 4 910 
959 13312 2 4 958 212992 956 
960 1 1 4 910 
961 13312 2 53248 959 4 960 
962 13312 1 53248 961 
963 13312 2 53248 913 53248 962 
964 13312 1 53248 959 
965 13312 1 53248 959 
966 13312 2 53248 964 53248 965 
967 13312 2 53248 963 53248 966 
968 13312 1 53248 967 
969 13312 1 53248 959 
970 13312 2 53248 968 53248 969 
971 1 1 53248 970 
972 1 1 4 910 
973 1 1 4 910 
974 1 1 4 910 
975 1 4 8 971 4 972 4 973 4 974 
976 1 1 4 714 
977 1 2 4 975 4 976 
978 1 1 4 910 
979 1 2 4 977 4 978 
980 1 1 4 910 
981 1 1 4 910 
982 1 1 4 910 
983 1 1 4 910 
984 1 1 4 910 
985 1 1 4 910 
986 1 1 4 910 
987 1 1 4 910 
988 1 7 4 979 4 984 4 985 4 986 4 975 4 987 4 976 
989 13312 2 53248 970 4 988 
990 2 0 
991 1 0 
992 1 0 
993 1048576 1 8 990 
994 1 2 4 992 4 991 
995 1048576 2 4194304 993 4 994 
996 1048576 2 4194304 995 4 991 
997 1048576 0 
998 1048576 2 4194304 997 4194304 996 
999 1048576 1 4194304 997 
1000 1048576 1 4194304 999 
1001 13631488 2 53248 989 4194304 1000 
1002 1 1 4 910 
1003 1 2 53248 1001 4 1002 
1004 1 0 
1005 1 0 
1006 1 0 
1007 1024 1 4 1004 
1008 1 2 4 1006 4 1005 
1009 1024 2 4096 1007 4 1008 
1010 1024 2 4096 1009 4 1005 
1011 1024 0 
1012 1024 2 4096 1011 4096 1010 
1013 1024 1 4096 1011 
1014 1 1 4 910 
1015 1 0 
1016 1 0 
1017 1 2 4 1016 4 1015 
1018 1 1 4 1016 
1019 1024 0 
1020 1024 0 
1021 1024 2 4096 1020 4096 1019 
1022 1024 1 4096 1020 
1023 1 1 4 1018 
1024 1024 1 4096 1013 
1025 1024 3 4 1023 4096 1024 4 910 
1026 1024 2 4096 1024 4 910 
1027 1 1 4 910 
1028 1024 2 4096 1026 4 1027 
1029 1 1 4 1028 
1030 1024 2 4096 1025 4 1029 
1031 173056 1 692224 709 
1032 173056 2 692224 1031 53248 1003 
1033 1024 1 4096 1022 
1034 173056 2 692224 1032 4096 1033 
1035 173056 1 692224 1034 
1036 173056 2 4096 1030 692224 1035 
1037 1 1 4 910 
1038 1024 2 692224 1036 4 1037 
1039 1 1 4 910 
1040 13 1 676 69 
1041 13 2 4 1039 52 1040 
1042 1 1 4 910 
1043 1 2 52 1041 4 1042 
1044 1 1 4 910 
1045 1 1 4 910 
1046 1 1 4 910 
1047 1 1 4 910 
1048 1 1 4 910 
1049 1 1 4 910 
1050 1 5 4 1043 4 1047 4 1048 4 1049 52 1040 
1051 1 2 676 1038 4 1050 
1052 1 1 4 1050 
1053 1 1 4 1050 
1054 1 1 4 1050 
1055 1 4 8 1051 4 1052 4 1053 4 1054 
1056 1 1 4 1050 
1057 1 1 4 1050 
1058 1 3 4 1056 4 1055 4 1057 
1059 1 1 4 1050 
1060 1 2 52 1040 4 1059 
1061 13 1 52 1060 
1062 169 2 52 1058 52 1061 
1063 1 2 676 1038 4 1050 
1064 1 1 4 1050 
1065 169 2 8 1063 4 1064 
1066 1 1 4 1050 
1067 169 2 4 1066 676 1065 
1068 169 3 676 1062 676 1038 676 1067 
1069 169 1 676 1068 
1070 1 1 4 910 
1071 1 2 676 1069 4 1070 
1072 173056 1 692224 660 
1073 28351 2 676 1071 692224 1072 
1074 1 1 53248 1073 
1075 1 1 4 910 
1076 13312 1 53248 1074 
1077 1 1 4 910 
1078 1 2 4 916 4 1077 
1079 1 1 4 910 
1080 26624 3 53248 989 53248 1076 4 1079 
1081 1 1 4 910 
1082 1 1 106496 1080 
1083 1 1 4 910 
1084 1 1 4 910 
1085 26624 1 8 1082 
1086 1 2 4 1084 4 1083 
1087 26624 2 106496 1085 4 1086 
1088 26624 2 106496 1087 4 1083 
1089 26624 2 4 1081 106496 1088 
1090 26624 1 106496 1089 
1091 26624 2 106496 1080 4 1081 
1092 26624 2 106496 1091 106496 1090 
1093 2 0 
1094 1 0 
1095 1 0 
1096 12582912 1 8 1093 
1097 1 2 4 1095 4 1094 
1098 12582912 2 50331648 1096 4 1097 
1099 12582912 2 50331648 1098 4 1094 
1100 12582912 0 
1101 12582912 2 50331648 1100 50331648 1099 
1102 12582912 1 50331648 1100 
1103 4096 0 
1104 4096 0 
1105 4096 2 16384 1104 16384 1103 
1106 4096 1 16384 1104 
1107 1 1 4 910 
1108 39936 3 106496 1092 53248 919 4 1107 
1109 12582912 1 50331648 1102 
1110 163577856 2 159744 1108 50331648 1109 
1111 4096 1 16384 1106 
1112 53248 2 212992 1110 16384 1111 
1113 1 1 4 910 
1114 1 1 4 910 
1115 13312 2 4 1114 212992 1112 
1116 1 1 4 910 
1117 13312 2 53248 1115 4 1116 
1118 13312 1 53248 1117 
1119 13312 2 53248 918 53248 1118 
1120 13312 1 53248 1115 
1121 13312 1 53248 1115 
1122 13312 2 53248 1120 53248 1121 
1123 13312 2 53248 1119 53248 1122 
1124 13312 1 53248 1123 
1125 13312 1 53248 1115 
1126 13312 2 53248 1124 53248 1125 
1127 1 1 4 910 
1128 13312 2 53248 1126 4 1127 
1129 13 1 52 1128 
1130 1 1 4 910 
1131 1 2 4 910 4 1130 
1132 13 1 676 69 
1133 13 2 4 1131 52 1132 
1134 1 1 4 910 
1135 1 2 52 1133 4 1134 
1136 1 2 4 1135 4 1135 
1137 1 1 4 1136 
1138 1 1 4 1136 
1139 1 1 4 1135 
1140 13312 1 53248 831 
1141 13312 2 53248 1140 4 1139 
1142 2 1 8 817 
1143 2 2 8 1142 4 1139 
1144 1 2 4 1131 4 1139 
1145 1 1 4 826 
1146 1 2 4 1145 4 1139 
1147 13312 3 8 1143 4 1144 4 1146 
1148 13312 2 53248 1147 53248 1141 
1149 13 2 52 1133 52 921 
1150 13 1 52 921 
1151 13 2 52 1150 52 1149 
1152 1 1 52 922 
1153 1 1 4 910 
1154 1 2 4 910 4 1153 
1155 13 2 4 1152 4 1154 
1156 13 3 52 1151 52 1155 52 922 
1157 2 1 8 864 
1158 1 4 8 1157 4 910 53248 1126 4 911 
1159 2 1 8 866 
1160 1 4 8 1159 4 910 52 1129 4 912 
1161 1 1 4 910 
1162 1 2 4 910 4 1161 
1163 1 1 4 1162 
1164 1 1 4 1158 
1165 1 1 4 1160 
1166 13312 1 53248 967 
1167 13312 1 53248 970 
1168 13312 1 53248 1076 
1169 1 1 4 1078 
1170 169 1 676 1069 
1171 13312 1 53248 1123 
1172 13312 1 53248 1126 
1173 13312 1 53248 1148 
1174 13 1 52 1149 
1175 13 1 52 1156 
1176 1 1 4 897 
1177 1 1 4 898 
1178 1 1 4 899 
1179 1 1 53248 900 
1180 1 1 53248 901 
1181 1 1 53248 902 
1182 1 1 4 903 
1183 1 1 676 904 
1184 1 1 53248 905 
1185 1 1 53248 906 
1186 1 1 53248 907 
1187 1 1 52 908 
1188 1 1 52 909 
1189 1 2 8 864 4 1177 
1190 1 0 
1191 1 0 
1192 1 3 4 1190 4 1189 4 1191 
1193 173056 3 8 864 52 1192 4 1177 
1194 1 2 8 866 4 1178 
1195 1 0 
1196 1 0 
1197 1 3 4 1195 4 1194 4 1196 
1198 169 3 8 866 52 1197 4 1178 
1199 2 0 
1200 1 0 
1201 1 0 
1202 37425152 1 8 1199 
1203 1 2 4 1201 4 1200 
1204 37425152 2 149700608 1202 4 1203 
1205 37425152 2 149700608 1204 4 1200 
1206 37425152 0 
1207 37425152 2 149700608 1206 149700608 1205 
1208 37425152 1 149700608 1206 
1209 1 1 692224 1193 
1210 1 0 
1211 1 0 
1212 1 0 
1213 1 2 4 1211 4 1212 
1214 1 1 4 1213 
1215 1 2 4 1214 4 1211 
1216 1 0 
1217 1 2 4 1211 4 1216 
1218 1 1 4 1217 
1219 1 2 4 1211 4 1210 
1220 1 2 4 1218 4 1219 
1221 1 2 4 1215 4 1220 
1222 1 0 
1223 1 0 
1224 1 3 4 1222 4 1210 4 1223 
1225 13 2 12 1224 4 1221 
1226 13 2 12 1209 52 1225 
1227 1 2 12 1209 4 1221 
1228 1 0 
1229 1 2 52 1226 4 1228 
1230 1 0 
1231 1 2 4 1227 4 1230 
1232 1 0 
1233 13 3 4 1227 52 1226 4 1232 
1234 1 0 
1235 13 3 52 1225 4 1221 4 1234 
1236 2 2 4 1229 4 1231 
1237 2197 2 692224 1193 52 1235 
1238 169 2 8788 1237 8 1236 
1239 2 0 
1240 37425152 2 149700608 1208 8 1239 
1241 2 0 
1242 37425152 2 149700608 1240 8 1241 
1243 486526976 2 676 1238 149700608 1242 
1244 1 0 
1245 1 0 
1246 13 3 52 1226 4 1244 4 1245 
1247 6176612 2 1900496 1243 52 1246 
1248 1 1 676 69 
1249 1 0 
1250 1 2 4 1248 4 1249 
1251 1 0 
1252 1 0 
1253 1 3 4 1251 4 1248 4 1252 
1254 2 2 4 1250 8 1253 
1255 169 2 676 69 8 1254 
1256 1 1 676 1255 
1257 1 0 
1258 1 0 
1259 1 0 
1260 1 4 8 1256 4 1257 4 1258 4 1259 
1261 1 1 676 1255 
1262 1 1 24706448 1247 
1263 1 0 
1264 1 0 
1265 1 2 4 1263 4 1264 
1266 1 0 
1267 1 2 4 1265 4 1266 
1268 1 1 4 1265 
1269 1 1 4 1267 
1270 1 0 
1271 1 4 12 1262 4 1268 4 1269 4 1270 
1272 1 0 
1273 2 2 4 1272 4 1271 
1274 169 2 24706448 1247 8 1273 
1275 1 0 
1276 13 2 676 1255 4 1275 
1277 13 2 676 1274 52 1276 
1278 169 2 52 1277 8 1261 
1279 1 0 
1280 1 0 
1281 1 3 4 1279 4 1260 4 1280 
1282 1 0 
1283 1 2 676 69 4 1282 
1284 13 1 52 1283 
1285 169 2 52 1281 52 1284 
1286 169 1 676 1285 
1287 1 1 676 1286 
1288 1 0 
1289 1 2 4 1287 4 1288 
1290 1 0 
1291 1 0 
1292 1 3 4 1290 4 1287 4 1291 
1293 2 2 4 1289 8 1292 
1294 169 2 676 1286 8 1293 
1295 169 2 676 1278 676 1294 
1296 2 0 
1297 169 2 676 1295 8 1296 
1298 1 1 4 90 
1299 1 2 4 1297 4 1298 
1300 1 0 
1301 169 2 676 69 4 1300 
1302 1 0 
1303 169 2 676 69 4 1302 
1304 1 2 4 1301 4 1303 
1305 1 0 
1306 169 2 676 69 4 1305 
1307 1 0 
1308 1 0 
1309 1 2 4 1308 4 1307 
1310 1 1 4 1308 
1311 1 0 
1312 1 0 
1313 1 1 4 1312 
1314 1 0 
1315 1 2 4 1313 4 1314 
1316 1 1 4 1315 
1317 1 0 
1318 1 2 4 1317 4 1310 
1319 1 1 4 1318 
1320 1 2 4 1316 4 1319 
1321 1 0 
1322 1 2 4 1310 4 1321 
1323 1 2 4 1322 4 1322 
1324 1 1 4 1323 
1325 1 1 4 1323 
1326 1 1 4 1322 
1327 1 2 4 1320 4 1326 
1328 1 2 4 1311 4 1326 
1329 1 2 4 1327 4 1328 
1330 1 2 4 1311 4 1326 
1331 1 2 4 1330 4 1329 
1332 1 0 
1333 1 2 4 1310 4 1332 
1334 1 2 4 1333 4 1333 
1335 1 1 4 1334 
1336 1 1 4 1334 
1337 1 1 4 1333 
1338 1 2 4 1331 4 1337 
1339 1 1 4 1336 
1340 1 2 4 1310 4 1337 
1341 1 2 4 1340 4 1339 
1342 1 1 4 1341 
1343 1 1 4 1336 
1344 1 1 4 1343 
1345 1 1 4 1336 
1346 1 2 4 1342 4 1344 
1347 1 1 4 1346 
1348 1 2 4 1345 4 1347 
1349 1 2 4 1331 4 1337 
1350 1 2 4 1349 4 1348 
1351 1 2 4 1350 4 1338 
1352 1 0 
1353 1 2 1 1352 4 1351 
1354 1 0 
1355 1 0 
1356 1 2 4 1354 4 1355 
1357 1 0 
1358 1 1 4 1357 
1359 1 2 4 1358 4 1363 
1360 1 2 4 1359 4 896 
1361 1 1 4 910 
1362 1 2 4 1360 4 1361 
1363 1 74 4 1362 4 1522 4 1531 8 1541 8 1547 53248 1554 53248 1563 4 1586 8 1629 8 1635 8 1656 8 1662 53248 1669 53248 1678 8 1689 8 1695 53248 1702 53248 1711 8 1730 159744 1759 106496 1777 53248 1783 8 1802 8 1808 106496 1815 106496 1824 8 1835 106496 1846 53248 1863 53248 1869 12 1881 676 1890 8 1898 676 1914 676 1927 676 1934 8 1944 676 1951 12 1977 12 1991 692224 1998 4096 2007 4 2019 4096 2028 12 2052 12 2076 12 2082 8 2113 8 2150 8 2156 53248 2163 53248 2172 8 2190 8 2196 8 2209 8 2215 53248 2222 53248 2231 8 2242 8 2248 53248 2255 53248 2264 8 2289 159744 2307 106496 2325 53248 2331 8 2350 8 2356 106496 2363 106496 2372 8 2383 106496 2394 53248 2416 53248 2422 
1364 1 1 4 1360 
1365 1 0 
1366 1 1 4 1364 
1367 1 2 4 1366 4 1373 
1368 1 1 4 1365 
1369 1 2 4 1367 4 1368 
1370 1 1 4 1369 
1371 1 2 4 1367 4 1370 
1372 1 2 4 1371 4 1368 
1373 1 2 4 1372 4 1525 
1374 1 1 4 1371 
1375 1 0 
1376 1 1 4 1375 
1377 1 2 4 1376 4 1381 
1378 1 2 4 1377 4 521 
1379 1 1 4 526 
1380 1 2 4 1378 4 1379 
1381 1 29 4 1380 53248 2448 52 2456 53248 2466 52 2473 4 2484 52 2493 8 2513 8 2519 53248 2526 53248 2535 8 2552 8 2558 8 2571 8 2577 53248 2584 8 2598 8 2604 53248 2611 53248 2620 8 2636 159744 2652 106496 2670 8 2689 8 2695 106496 2702 106496 2711 8 2723 106496 2734 
1382 1 1 4 1378 
1383 1 0 
1384 1 1 4 1382 
1385 1 2 4 1384 4 1391 
1386 1 1 4 1383 
1387 1 2 4 1385 4 1386 
1388 1 1 4 1387 
1389 1 2 4 1385 4 1388 
1390 1 2 4 1389 4 1386 
1391 1 2 4 1390 4 2451 
1392 1 1 4 1389 
1393 1 0 
1394 1 1 4 1393 
1395 1 2 4 1394 4 1399 
1396 1 2 4 1395 4 186 
1397 1 1 4 191 
1398 1 2 4 1396 4 1397 
1399 1 29 4 1398 4 2802 53248 2812 52 2819 53248 2829 52 2836 52 2849 8 2914 8 2920 53248 2927 53248 2936 8 3007 8 3013 8 3030 8 3036 53248 3043 8 3057 8 3063 53248 3070 53248 3079 8 3175 106496 3211 53248 3230 8 3265 8 3271 53248 3278 53248 3287 8 3320 53248 3331 
1400 1 1 4 1396 
1401 1 0 
1402 1 1 4 1400 
1403 1 2 4 1402 4 1409 
1404 1 1 4 1401 
1405 1 2 4 1403 4 1404 
1406 1 1 4 1405 
1407 1 2 4 1403 4 1406 
1408 1 2 4 1407 4 1404 
1409 1 2 4 1408 4 2805 
1410 1 1 4 1407 
1411 1 0 
1412 1 1 4 1411 
1413 1 2 4 1412 4 1417 
1414 1 2 4 1413 4 351 
1415 1 1 4 356 
1416 1 2 4 1414 4 1415 
1417 1 29 4 1416 53248 2859 52 2867 53248 2877 52 2884 4 2895 52 2948 8 2972 8 2978 53248 2985 53248 2994 8 3091 8 3097 8 3114 8 3120 53248 3127 8 3141 8 3147 53248 3154 53248 3163 8 3195 106496 3249 53248 3301 8 3346 8 3352 53248 3359 53248 3368 8 3380 53248 3391 
1418 1 1 4 1414 
1419 1 0 
1420 1 1 4 1418 
1421 1 2 4 1420 4 1427 
1422 1 1 4 1419 
1423 1 2 4 1421 4 1422 
1424 1 1 4 1423 
1425 1 2 4 1421 4 1424 
1426 1 2 4 1425 4 1422 
1427 1 2 4 1426 4 2862 
1428 1 1 4 1425 
1429 1 0 
1430 1 0 
1431 13 2 4 1429 4 1430 
1432 1 2 4 1356 4 1298 
1433 1 2 4 1432 52 1431 
1434 1 2 4 1433 4 1429 
1435 1 1 4 1297 
1436 1 2 4 1435 4 1298 
1437 1 2 4 1436 4 1298 
1438 1 2 4 1356 4 1437 
1439 1 2 4 1438 52 1431 
1440 1 2 4 1439 4 1430 
1441 2 0 
1442 1 2 4 1434 8 1441 
1443 1 1 676 1295 
1444 169 2 4 1442 8 1443 
1445 1 1 676 1278 
1446 1 1 676 1294 
1447 13 2 8 1445 8 1446 
1448 169 2 676 1444 676 1294 
1449 1 2 676 1448 52 1447 
1450 169 2 676 1449 8 1445 
1451 169 2 676 1278 676 1444 
1452 1 2 676 1451 52 1447 
1453 169 2 676 1452 8 1446 
1454 1 1 52 1277 
1455 13 2 676 1450 4 1454 
1456 169 1 52 1277 
1457 169 1 52 1277 
1458 1 0 
1459 1 2 52 1455 4 1458 
1460 169 2 52 1459 676 1457 
1461 1 1 24706448 1247 
1462 6176612 2 676 1460 12 1461 
1463 1 1 1900496 1243 
1464 475124 2 24706448 1462 8 1463 
1465 486526976 2 1900496 1464 149700608 1242 
1466 6176612 2 676 1238 1900496 1464 
1467 1 1 8788 1237 
1468 2197 2 53248 1465 12 1467 
1469 2 0 
1470 37425152 2 149700608 1466 8 1469 
1471 13 1 52 1235 
1472 173056 2 8788 1468 52 1471 
1473 2 1 8 1239 
1474 37425152 2 149700608 1470 8 1473 
1475 2 2 8 864 4 1177 
1476 1 2 4 1177 8 1475 
1477 1 4 8 1475 52 1192 692224 1472 4 1476 
1478 1 0 
1479 13312 1 53248 1179 
1480 13312 1 53248 1180 
1481 13312 1 53248 1181 
1482 169 1 676 1183 
1483 13312 1 53248 1184 
1484 13312 1 53248 1185 
1485 13312 1 53248 1186 
1486 1 1 4 1477 
1487 1 1 4 1478 
1488 13312 1 53248 1479 
1489 13312 1 53248 1480 
1490 13312 1 53248 1481 
1491 169 1 676 1482 
1492 13312 1 53248 1483 
1493 13312 1 53248 1484 
1494 13312 1 53248 1485 
1495 1 2 4 1486 4 1605 
1496 13312 2 53248 1488 53248 2283 
1497 13312 2 53248 1489 53248 2403 
1498 13312 2 53248 1490 53248 2436 
1499 13312 2 53248 1492 53248 1724 
1500 13312 2 53248 1493 53248 1855 
1501 13312 2 53248 1494 53248 2435 
1502 1 2 4 1495 4 1370 
1503 13312 2 53248 1496 4 1370 
1504 13312 2 53248 1497 4 1370 
1505 13312 2 53248 1498 4 1370 
1506 13312 2 53248 1499 4 1370 
1507 13312 2 53248 1500 4 1370 
1508 13312 2 53248 1501 4 1370 
1509 1 1 4 1502 
1510 1 1 53248 1503 
1511 1 1 53248 1504 
1512 1 1 53248 1505 
1513 1 1 53248 1506 
1514 1 1 53248 1507 
1515 1 1 53248 1508 
1516 2 1 8 864 
1517 2 2 8 1516 4 1502 
1518 1 2 4 1502 8 1517 
1519 1 0 
1520 2 1 4 1519 
1521 2 1 8 1520 
1522 1 3 8 1521 4 910 4 1362 
1523 2 1 8 1520 
1524 1 2 8 1523 4 1372 
1525 1 74 4 1524 4 1533 8 1543 8 1549 53248 1556 53248 1565 4 1589 8 1599 8 1631 8 1637 8 1658 8 1664 53248 1671 53248 1680 8 1691 8 1697 53248 1704 53248 1713 8 1732 159744 1761 106496 1779 53248 1785 8 1804 8 1810 106496 1817 106496 1826 8 1837 106496 1848 53248 1865 53248 1871 12 1883 676 1892 8 1900 676 1916 676 1929 676 1936 8 1946 676 1953 12 1979 12 1993 692224 2000 4096 2009 4 2021 4096 2030 12 2054 12 2078 12 2084 8 2115 8 2152 8 2158 53248 2165 53248 2174 8 2192 8 2198 8 2211 8 2217 53248 2224 53248 2233 8 2244 8 2250 53248 2257 53248 2266 8 2291 159744 2309 106496 2327 53248 2333 8 2352 8 2358 106496 2365 106496 2374 8 2385 106496 2396 53248 2418 53248 2424 
1526 13312 3 8 1517 4 1524 4 1518 
1527 13312 2 53248 1515 4 840 
1528 1 0 
1529 2 1 4 1528 
1530 2 1 8 1529 
1531 1 3 8 1530 4 1139 4 1362 
1532 2 1 8 1529 
1533 1 2 8 1532 4 1372 
1534 13312 2 53248 1508 4 1533 
1535 13312 2 53248 1507 53248 1526 
1536 1 1 53248 1124 
1537 1 1 53248 1125 
1538 1 0 
1539 2 1 4 1538 
1540 2 1 8 1539 
1541 2 3 8 1540 8 1536 4 1362 
1542 2 1 8 1539 
1543 2 2 8 1542 4 1372 
1544 1 0 
1545 2 1 4 1544 
1546 2 1 8 1545 
1547 2 3 8 1546 8 1537 4 1362 
1548 2 1 8 1545 
1549 2 2 8 1548 4 1372 
1550 13 2 8 1543 8 1549 
1551 1 0 
1552 2 1 4 1551 
1553 2 1 8 1552 
1554 13312 3 8 1553 53248 1125 4 1362 
1555 2 1 8 1552 
1556 13312 2 8 1555 4 1372 
1557 13312 2 53248 1535 53248 1556 
1558 1 2 53248 1557 52 1550 
1559 13312 2 53248 1558 8 1543 
1560 1 0 
1561 2 1 4 1560 
1562 2 1 8 1561 
1563 13312 3 8 1562 53248 1124 4 1362 
1564 2 1 8 1561 
1565 13312 2 8 1564 4 1372 
1566 13312 2 53248 1565 53248 1535 
1567 1 2 53248 1566 52 1550 
1568 13312 2 53248 1567 8 1549 
1569 2 2 8 843 4 844 
1570 1 2 4 844 8 1569 
1571 1 4 8 1569 4 842 53248 1527 4 1570 
1572 13312 2 53248 831 4 840 
1573 1 1 53248 1572 
1574 1 0 
1575 13312 2 8 1573 4 1574 
1576 13312 2 53248 1527 53248 1575 
1577 2 1 8 817 
1578 1 1 4 826 
1579 2 3 8 1577 4 1578 4 1372 
1580 1 2 4 1578 8 1579 
1581 1 0 
1582 2 1 4 1581 
1583 2 1 8 1582 
1584 2 2 8 1583 4 1139 
1585 1 3 8 1584 4 1144 4 1362 
1586 1 2 4 1585 8 1596 
1587 2 1 8 1582 
1588 2 2 8 1587 4 1533 
1589 1 1 8 1588 
1590 1 4 8 1579 4 1589 53248 1534 4 1580 
1591 13312 2 53248 1140 4 1139 
1592 1 1 53248 1591 
1593 1 0 
1594 2 1 4 1593 
1595 2 1 8 1594 
1596 2 3 8 1595 8 1592 4 1362 
1597 2 1 8 1594 
1598 2 2 8 1597 4 1533 
1599 2 1 8 1598 
1600 1 1 4 1372 
1601 169 2 8 1599 4 1600 
1602 13312 2 53248 1534 676 1601 
1603 13312 2 53248 1565 53248 1559 
1604 13312 2 53248 1556 53248 1568 
1605 1 1 4 1502 
1606 1 2 4 826 4 840 
1607 1 1 4 1606 
1608 1 0 
1609 1 2 4 1607 4 1608 
1610 1 2 4 1571 4 1609 
1611 1 1 4 1372 
1612 1 2 4 1611 4 1533 
1613 1 2 4 1590 4 1612 
1614 1 1 53248 831 
1615 1 0 
1616 13312 2 8 1614 4 1615 
1617 13312 1 53248 1616 
1618 13312 2 53248 1617 53248 1621 
1619 13312 2 53248 1618 4 1370 
1620 13312 2 53248 1619 53248 1602 
1621 13312 1 53248 1620 
1622 1 1 53248 1619 
1623 13312 2 53248 1506 53248 1603 
1624 1 1 53248 1119 
1625 1 1 53248 1122 
1626 1 0 
1627 2 1 4 1626 
1628 2 1 8 1627 
1629 2 3 8 1628 8 1624 4 1362 
1630 2 1 8 1627 
1631 2 2 8 1630 4 1372 
1632 1 0 
1633 2 1 4 1632 
1634 2 1 8 1633 
1635 2 3 8 1634 8 1625 4 1362 
1636 2 1 8 1633 
1637 2 2 8 1636 4 1372 
1638 13 2 8 1631 8 1637 
1639 1 2 53248 1623 52 1638 
1640 13312 2 53248 1639 8 1631 
1641 1 2 53248 1623 52 1638 
1642 13312 2 53248 1641 8 1637 
1643 1 0 
1644 1 1 4 1643 
1645 1 2 4 1644 4 1648 
1646 1 2 4 1645 4 1370 
1647 1 2 4 1646 4 1613 
1648 1 1 4 1647 
1649 1 1 4 1646 
1650 13312 2 53248 1576 53248 1622 
1651 1 1 53248 918 
1652 1 1 53248 1118 
1653 1 0 
1654 2 1 4 1653 
1655 2 1 8 1654 
1656 2 3 8 1655 8 1651 4 1362 
1657 2 1 8 1654 
1658 2 2 8 1657 4 1372 
1659 1 0 
1660 2 1 4 1659 
1661 2 1 8 1660 
1662 2 3 8 1661 8 1652 4 1362 
1663 2 1 8 1660 
1664 2 2 8 1663 4 1372 
1665 13 2 8 1658 8 1664 
1666 1 0 
1667 2 1 4 1666 
1668 2 1 8 1667 
1669 13312 3 8 1668 53248 1118 4 1362 
1670 2 1 8 1667 
1671 13312 2 8 1670 4 1372 
1672 13312 2 53248 1640 53248 1671 
1673 1 2 53248 1672 52 1665 
1674 13312 2 53248 1673 8 1658 
1675 1 0 
1676 2 1 4 1675 
1677 2 1 8 1676 
1678 13312 3 8 1677 53248 918 4 1362 
1679 2 1 8 1676 
1680 13312 2 8 1679 4 1372 
1681 13312 2 53248 1680 53248 1640 
1682 1 2 53248 1681 52 1665 
1683 13312 2 53248 1682 8 1664 
1684 1 1 53248 1120 
1685 1 1 53248 1121 
1686 1 0 
1687 2 1 4 1686 
1688 2 1 8 1687 
1689 2 3 8 1688 8 1684 4 1362 
1690 2 1 8 1687 
1691 2 2 8 1690 4 1372 
1692 1 0 
1693 2 1 4 1692 
1694 2 1 8 1693 
1695 2 3 8 1694 8 1685 4 1362 
1696 2 1 8 1693 
1697 2 2 8 1696 4 1372 
1698 13 2 8 1691 8 1697 
1699 1 0 
1700 2 1 4 1699 
1701 2 1 8 1700 
1702 13312 3 8 1701 53248 1121 4 1362 
1703 2 1 8 1700 
1704 13312 2 8 1703 4 1372 
1705 13312 2 53248 1642 53248 1704 
1706 1 2 53248 1705 52 1698 
1707 13312 2 53248 1706 8 1691 
1708 1 0 
1709 2 1 4 1708 
1710 2 1 8 1709 
1711 13312 3 8 1710 53248 1120 4 1362 
1712 2 1 8 1709 
1713 13312 2 8 1712 4 1372 
1714 13312 2 53248 1713 53248 1642 
1715 1 2 53248 1714 52 1698 
1716 13312 2 53248 1715 8 1697 
1717 1 2 4 1649 4 1610 
1718 2 2 8 817 4 1717 
1719 1 2 4 1717 8 1718 
1720 173056 3 8 1718 52 825 4 1719 
1721 13312 2 53248 1671 53248 1683 
1722 13312 2 53248 1713 53248 1707 
1723 13312 2 53248 1704 53248 1716 
1724 13312 1 53248 1674 
1725 1 1 53248 1115 
1726 1 1 4 1372 
1727 1 0 
1728 2 1 4 1727 
1729 2 1 8 1728 
1730 2 3 8 1729 8 1725 4 1362 
1731 2 1 8 1728 
1732 2 2 8 1731 4 1372 
1733 13 2 8 1732 4 1726 
1734 1 2 53248 1721 52 1733 
1735 13312 2 53248 1734 8 1732 
1736 1 2 53248 1721 52 1733 
1737 1 2 53248 1736 4 1726 
1738 1 1 4 1372 
1739 53248 5 53248 1722 53248 1723 53248 1735 53248 1604 4 1738 
1740 4096 1 212992 1739 
1741 2 0 
1742 2 1 16 1741 
1743 1 1 676 810 
1744 1 0 
1745 1 2 4 1743 4 1744 
1746 1 0 
1747 1 0 
1748 1 0 
1749 1 4 8 1742 4 1746 4 1747 4 1748 
1750 1 0 
1751 2 3 4 1745 4 1749 4 1750 
1752 13312 2 692224 1720 8 1751 
1753 13 2 676 810 4 1745 
1754 12582912 1 50331648 1102 
1755 163577856 2 212992 1739 50331648 1754 
1756 1 0 
1757 2 1 4 1756 
1758 2 1 8 1757 
1759 39936 3 8 1758 159744 1108 4 1362 
1760 2 1 8 1757 
1761 39936 2 8 1760 4 1372 
1762 163577856 2 159744 1761 212992 1739 
1763 4096 0 
1764 4096 1 16384 1763 
1765 4096 2 16384 1764 16384 1768 
1766 4096 2 16384 1765 4 1370 
1767 4096 2 16384 1766 16384 1740 
1768 4096 1 16384 1767 
1769 1 1 16384 1766 
1770 1 1 4 1372 
1771 1 1 4 1372 
1772 1 2 4 1771 4 1770 
1773 1 1 106496 1092 
1774 1 0 
1775 2 1 4 1774 
1776 2 1 8 1775 
1777 26624 3 8 1776 106496 1092 4 1362 
1778 2 1 8 1775 
1779 26624 2 8 1778 4 1372 
1780 1 0 
1781 2 1 4 1780 
1782 2 1 8 1781 
1783 13312 3 8 1782 53248 919 4 1362 
1784 2 1 8 1781 
1785 13312 2 8 1784 4 1372 
1786 1 2 106496 1779 53248 1785 
1787 2 3 4 1772 8 1786 8 1786 
1788 26624 3 159744 1755 8 1787 8 1786 
1789 13312 3 159744 1755 8 1787 8 1786 
1790 12582912 0 
1791 12582912 1 50331648 1790 
1792 12582912 2 50331648 1791 50331648 1795 
1793 12582912 2 50331648 1792 4 1370 
1794 12582912 2 50331648 1793 50331648 1762 
1795 12582912 1 50331648 1794 
1796 1 1 50331648 1793 
1797 1 1 106496 1091 
1798 1 1 106496 1090 
1799 1 0 
1800 2 1 4 1799 
1801 2 1 8 1800 
1802 2 3 8 1801 8 1797 4 1362 
1803 2 1 8 1800 
1804 2 2 8 1803 4 1372 
1805 1 0 
1806 2 1 4 1805 
1807 2 1 8 1806 
1808 2 3 8 1807 8 1798 4 1362 
1809 2 1 8 1806 
1810 2 2 8 1809 4 1372 
1811 13 2 8 1804 8 1810 
1812 1 0 
1813 2 1 4 1812 
1814 2 1 8 1813 
1815 26624 3 8 1814 106496 1090 4 1362 
1816 2 1 8 1813 
1817 26624 2 8 1816 4 1372 
1818 26624 2 106496 1788 106496 1817 
1819 1 2 106496 1818 52 1811 
1820 26624 2 106496 1819 8 1804 
1821 1 0 
1822 2 1 4 1821 
1823 2 1 8 1822 
1824 26624 3 8 1823 106496 1091 4 1362 
1825 2 1 8 1822 
1826 26624 2 8 1825 4 1372 
1827 26624 2 106496 1826 106496 1788 
1828 1 2 106496 1827 52 1811 
1829 26624 2 106496 1828 8 1810 
1830 1 1 106496 1080 
1831 1 1 4 1372 
1832 1 0 
1833 2 1 4 1832 
1834 2 1 8 1833 
1835 2 3 8 1834 8 1830 4 1362 
1836 2 1 8 1833 
1837 2 2 8 1836 4 1372 
1838 13 2 8 1837 4 1831 
1839 1 1 4 1372 
1840 26624 2 106496 1820 4 1839 
1841 1 2 106496 1840 52 1838 
1842 26624 2 106496 1841 8 1837 
1843 1 0 
1844 2 1 4 1843 
1845 2 1 8 1844 
1846 26624 3 8 1845 106496 1080 4 1362 
1847 2 1 8 1844 
1848 26624 2 8 1847 4 1372 
1849 26624 1 106496 1848 
1850 26624 2 106496 1849 4 1839 
1851 26624 2 106496 1850 4 1839 
1852 26624 2 106496 1820 106496 1851 
1853 1 2 106496 1852 52 1838 
1854 1 2 106496 1853 4 1831 
1855 13312 1 53248 1789 
1856 1 1 4 1372 
1857 1 1 4 1372 
1858 1 2 4 1857 4 1856 
1859 1 1 53248 989 
1860 1 0 
1861 2 1 4 1860 
1862 2 1 8 1861 
1863 13312 3 8 1862 53248 989 4 1362 
1864 2 1 8 1861 
1865 13312 2 8 1864 4 1372 
1866 1 0 
1867 2 1 4 1866 
1868 2 1 8 1867 
1869 13312 3 8 1868 53248 1076 4 1362 
1870 2 1 8 1867 
1871 13312 2 8 1870 4 1372 
1872 1 2 53248 1865 53248 1871 
1873 2 3 4 1858 8 1872 8 1872 
1874 13312 3 106496 1842 8 1873 8 1872 
1875 13312 3 106496 1842 8 1873 8 1872 
1876 13312 2 53248 1505 53248 1875 
1877 1 1 53248 1073 
1878 1 0 
1879 2 1 4 1878 
1880 2 1 8 1879 
1881 3 3 8 1880 12 1877 4 1362 
1882 2 1 8 1879 
1883 3 2 8 1882 4 1372 
1884 13312 2 53248 1876 12 1883 
1885 173056 1 692224 660 
1886 1089901 2 53248 1884 692224 1885 
1887 1 0 
1888 2 1 4 1887 
1889 2 1 8 1888 
1890 169 3 8 1889 676 1071 4 1362 
1891 2 1 8 1888 
1892 169 2 8 1891 4 1372 
1893 28027 2 676 1892 53248 1884 
1894 1 1 676 1069 
1895 1 0 
1896 2 1 4 1895 
1897 2 1 8 1896 
1898 2 3 8 1897 8 1894 4 1362 
1899 2 1 8 1896 
1900 2 2 8 1899 4 1372 
1901 169 2 676 1886 8 1900 
1902 1 1 692224 660 
1903 1 0 
1904 173056 2 12 1902 4 1903 
1905 173056 1 692224 1904 
1906 173056 2 692224 1905 692224 1909 
1907 173056 2 692224 1906 4 1370 
1908 173056 2 692224 1907 692224 1893 
1909 173056 1 692224 1908 
1910 1 1 692224 1907 
1911 1 0 
1912 2 1 4 1911 
1913 2 1 8 1912 
1914 169 3 8 1913 676 1069 4 1362 
1915 2 1 8 1912 
1916 169 2 8 1915 4 1372 
1917 169 2 676 1901 676 1916 
1918 1 1 4 1372 
1919 13 2 676 1917 4 1918 
1920 2 1 4 1372 
1921 13 2 52 1919 8 1920 
1922 169 2 676 1901 52 1921 
1923 169 2 676 1922 676 1916 
1924 1 0 
1925 2 1 4 1924 
1926 2 1 8 1925 
1927 169 3 8 1926 676 1038 4 1362 
1928 2 1 8 1925 
1929 169 2 8 1928 4 1372 
1930 169 1 676 1929 
1931 1 0 
1932 2 1 4 1931 
1933 2 1 8 1932 
1934 169 3 8 1933 676 1062 4 1362 
1935 2 1 8 1932 
1936 169 2 8 1935 4 1372 
1937 169 3 676 1936 676 1923 676 1930 
1938 169 3 676 1936 676 1930 676 1923 
1939 1 1 4 1372 
1940 1 1 676 1065 
1941 1 0 
1942 2 1 4 1941 
1943 2 1 8 1942 
1944 2 3 8 1943 8 1940 4 1362 
1945 2 1 8 1942 
1946 2 2 8 1945 4 1372 
1947 13 2 4 1939 8 1946 
1948 1 0 
1949 2 1 4 1948 
1950 2 1 8 1949 
1951 169 3 8 1950 676 1065 4 1362 
1952 2 1 8 1949 
1953 169 2 8 1952 4 1372 
1954 169 2 676 1938 676 1953 
1955 1 2 676 1954 52 1947 
1956 1 2 676 1955 4 1939 
1957 1 1 4 1372 
1958 169 2 4 1957 676 1938 
1959 1 2 676 1958 52 1947 
1960 169 2 676 1959 8 1946 
1961 2 1 4 1372 
1962 169 2 676 1960 8 1961 
1963 1 1 692224 1036 
1964 1 1 4 1372 
1965 1 1 4 1372 
1966 1 2 4 1965 4 1964 
1967 1 2 4 1966 4 1964 
1968 1 1 4 1372 
1969 1 1 4 1372 
1970 1 1 4 1372 
1971 1 3 4 1969 4 1964 4 1970 
1972 1 1 4 1372 
1973 1 2 4 1968 4 1972 
1974 1 0 
1975 2 1 4 1974 
1976 2 1 8 1975 
1977 3 3 8 1976 12 1963 4 1362 
1978 2 1 8 1975 
1979 3 2 8 1978 4 1372 
1980 13 4 12 1971 4 1967 12 1979 4 1973 
1981 1 1 4 1372 
1982 13 2 52 1980 4 1981 
1983 3 2 12 1979 52 1982 
1984 169 2 676 1937 52 1980 
1985 173056 2 676 1984 12 1983 
1986 1 1 4 1372 
1987 1 1 692224 1035 
1988 1 0 
1989 2 1 4 1988 
1990 2 1 8 1989 
1991 3 3 8 1990 12 1987 4 1362 
1992 2 1 8 1989 
1993 3 2 8 1992 4 1372 
1994 13 2 4 1986 12 1993 
1995 1 0 
1996 2 1 4 1995 
1997 2 1 8 1996 
1998 173056 3 8 1997 692224 1035 4 1362 
1999 2 1 8 1996 
2000 173056 2 8 1999 4 1372 
2001 173056 2 692224 1985 692224 2000 
2002 1 2 692224 2001 52 1994 
2003 1024 2 692224 2002 4 1986 
2004 1 0 
2005 2 1 4 2004 
2006 2 1 8 2005 
2007 1024 3 8 2006 4096 1030 4 1362 
2008 2 1 8 2005 
2009 1024 2 8 2008 4 1372 
2010 173056 2 4096 2009 692224 1985 
2011 1 2 692224 2010 52 1994 
2012 173056 2 692224 2011 12 1993 
2013 1 1 4 1372 
2014 1 1 4 1372 
2015 13 2 4 2013 4 2014 
2016 1 0 
2017 2 1 4 2016 
2018 2 1 8 2017 
2019 1 3 8 2018 4 1029 4 1362 
2020 2 1 8 2017 
2021 1 2 8 2020 4 1372 
2022 1024 2 4096 2003 4 2021 
2023 1 2 4096 2022 52 2015 
2024 1024 2 4096 2023 4 2013 
2025 1 0 
2026 2 1 4 2025 
2027 2 1 8 2026 
2028 1024 3 8 2027 4096 1025 4 1362 
2029 2 1 8 2026 
2030 1024 2 8 2029 4 1372 
2031 1024 2 4096 2030 4096 2003 
2032 1 2 4096 2031 52 2015 
2033 1 2 4096 2032 4 2014 
2034 173056 2 692224 2000 692224 2012 
2035 1 1 4 1372 
2036 1 1 4 1372 
2037 13 2 4 2035 4 2036 
2038 1024 1 4096 1013 
2039 1024 2 4096 2024 4096 2038 
2040 1 2 4096 2039 52 2037 
2041 1 2 4096 2040 4 2035 
2042 1 1 4 1018 
2043 1024 2 4 2042 4096 2024 
2044 1 2 4096 2043 52 2037 
2045 1024 2 4096 2044 4 2036 
2046 1 2 4 2021 4 2033 
2047 1 1 692224 1032 
2048 1 1 4 1372 
2049 1 0 
2050 2 1 4 2049 
2051 2 1 8 2050 
2052 3 3 8 2051 12 2047 4 1362 
2053 2 1 8 2050 
2054 3 2 8 2053 4 1372 
2055 13 2 12 2054 4 2048 
2056 1 2 692224 2034 52 2055 
2057 173056 2 692224 2056 12 2054 
2058 1 2 692224 2034 52 2055 
2059 1024 2 692224 2058 4 2048 
2060 1 0 
2061 1 1 4 2060 
2062 1 2 4 2061 4 2065 
2063 1 2 4 2062 4 1370 
2064 1 2 4 2063 4 2041 
2065 1 1 4 2064 
2066 1 1 4 2063 
2067 1 1 4 1372 
2068 1 2 4 2046 4 2067 
2069 1 1 4 1372 
2070 1024 2 4 2068 4 2069 
2071 1 2 692224 1031 4 910 
2072 1 1 53248 1003 
2073 1 0 
2074 2 1 4 2073 
2075 2 1 8 2074 
2076 3 3 8 2075 12 2071 4 1362 
2077 2 1 8 2074 
2078 3 2 8 2077 4 1372 
2079 1 0 
2080 2 1 4 2079 
2081 2 1 8 2080 
2082 3 3 8 2081 12 2072 4 1362 
2083 2 1 8 2080 
2084 3 2 8 2083 4 1372 
2085 13 2 12 2078 12 2084 
2086 1 2 692224 2057 52 2085 
2087 173056 2 692224 2086 12 2078 
2088 1 2 692224 2057 52 2085 
2089 13312 2 692224 2088 12 2084 
2090 1024 0 
2091 1024 1 4096 2090 
2092 1024 2 4096 2091 4096 2095 
2093 1024 2 4096 2092 4 1370 
2094 1024 2 4096 2093 4096 2059 
2095 1024 1 4096 2094 
2096 1 1 4096 2093 
2097 1 1 4096 2070 
2098 1024 2 4 2097 4096 2038 
2099 1024 2 4096 2070 4096 2098 
2100 1 1 692224 709 
2101 1 0 
2102 173056 2 12 2100 4 2101 
2103 173056 1 692224 2102 
2104 173056 2 692224 2103 692224 2107 
2105 173056 2 692224 2104 4 1370 
2106 173056 2 692224 2105 692224 2087 
2107 173056 1 692224 2106 
2108 1 1 692224 2105 
2109 1 1 53248 1001 
2110 1 0 
2111 2 1 4 2110 
2112 2 1 8 2111 
2113 2 3 8 2112 8 2109 4 1362 
2114 2 1 8 2111 
2115 2 2 8 2114 4 1372 
2116 13312 2 53248 2089 8 2115 
2117 1024 2 4096 2045 4096 2099 
2118 1024 0 
2119 1024 1 4096 2118 
2120 1024 2 4096 2119 4096 2123 
2121 1024 2 4096 2120 4 1370 
2122 1024 2 4096 2121 4096 2117 
2123 1024 1 4096 2122 
2124 1 1 4096 2121 
2125 1 1 53248 705 
2126 13312 2 692224 2108 8 2125 
2127 1048576 1 4194304 999 
2128 13631488 2 53248 2116 4194304 2127 
2129 13631488 2 53248 1865 53248 2116 
2130 13631488 2 53248 2126 4194304 704 
2131 173056 2 676 700 53248 2126 
2132 13312 2 53248 1874 53248 2128 
2133 1048576 0 
2134 1048576 1 4194304 2133 
2135 1048576 2 4194304 2134 4194304 2138 
2136 1048576 2 4194304 2135 4 1370 
2137 1048576 2 4194304 2136 4194304 2129 
2138 1048576 1 4194304 2137 
2139 1 1 4194304 2136 
2140 1 1 8788 699 
2141 2197 2 53248 2130 12 2140 
2142 2 0 
2143 1048576 2 4194304 2131 8 2142 
2144 13312 2 53248 1504 53248 2132 
2145 1 1 53248 968 
2146 1 1 53248 969 
2147 1 0 
2148 2 1 4 2147 
2149 2 1 8 2148 
2150 2 3 8 2149 8 2145 4 1362 
2151 2 1 8 2148 
2152 2 2 8 2151 4 1372 
2153 1 0 
2154 2 1 4 2153 
2155 2 1 8 2154 
2156 2 3 8 2155 8 2146 4 1362 
2157 2 1 8 2154 
2158 2 2 8 2157 4 1372 
2159 13 2 8 2152 8 2158 
2160 1 0 
2161 2 1 4 2160 
2162 2 1 8 2161 
2163 13312 3 8 2162 53248 969 4 1362 
2164 2 1 8 2161 
2165 13312 2 8 2164 4 1372 
2166 13312 2 53248 2144 53248 2165 
2167 1 2 53248 2166 52 2159 
2168 13312 2 53248 2167 8 2152 
2169 1 0 
2170 2 1 4 2169 
2171 2 1 8 2170 
2172 13312 3 8 2171 53248 968 4 1362 
2173 2 1 8 2170 
2174 13312 2 8 2173 4 1372 
2175 13312 2 53248 2174 53248 2144 
2176 1 2 53248 2175 52 2159 
2177 13312 2 53248 2176 8 2158 
2178 13 1 52 697 
2179 173056 2 8788 2141 52 2178 
2180 2 1 8 701 
2181 1048576 2 4194304 2143 8 2180 
2182 13312 2 53248 2174 53248 2168 
2183 13312 2 53248 2165 53248 2177 
2184 13312 2 53248 1503 53248 2182 
2185 1 1 53248 963 
2186 1 1 53248 966 
2187 1 0 
2188 2 1 4 2187 
2189 2 1 8 2188 
2190 2 3 8 2189 8 2185 4 1362 
2191 2 1 8 2188 
2192 2 2 8 2191 4 1372 
2193 1 0 
2194 2 1 4 2193 
2195 2 1 8 2194 
2196 2 3 8 2195 8 2186 4 1362 
2197 2 1 8 2194 
2198 2 2 8 2197 4 1372 
2199 13 2 8 2192 8 2198 
2200 1 2 53248 2184 52 2199 
2201 13312 2 53248 2200 8 2192 
2202 1 2 53248 2184 52 2199 
2203 13312 2 53248 2202 8 2198 
2204 1 1 53248 913 
2205 1 1 53248 962 
2206 1 0 
2207 2 1 4 2206 
2208 2 1 8 2207 
2209 2 3 8 2208 8 2204 4 1362 
2210 2 1 8 2207 
2211 2 2 8 2210 4 1372 
2212 1 0 
2213 2 1 4 2212 
2214 2 1 8 2213 
2215 2 3 8 2214 8 2205 4 1362 
2216 2 1 8 2213 
2217 2 2 8 2216 4 1372 
2218 13 2 8 2211 8 2217 
2219 1 0 
2220 2 1 4 2219 
2221 2 1 8 2220 
2222 13312 3 8 2221 53248 962 4 1362 
2223 2 1 8 2220 
2224 13312 2 8 2223 4 1372 
2225 13312 2 53248 2201 53248 2224 
2226 1 2 53248 2225 52 2218 
2227 13312 2 53248 2226 8 2211 
2228 1 0 
2229 2 1 4 2228 
2230 2 1 8 2229 
2231 13312 3 8 2230 53248 913 4 1362 
2232 2 1 8 2229 
2233 13312 2 8 2232 4 1372 
2234 13312 2 53248 2233 53248 2201 
2235 1 2 53248 2234 52 2218 
2236 13312 2 53248 2235 8 2217 
2237 1 1 53248 964 
2238 1 1 53248 965 
2239 1 0 
2240 2 1 4 2239 
2241 2 1 8 2240 
2242 2 3 8 2241 8 2237 4 1362 
2243 2 1 8 2240 
2244 2 2 8 2243 4 1372 
2245 1 0 
2246 2 1 4 2245 
2247 2 1 8 2246 
2248 2 3 8 2247 8 2238 4 1362 
2249 2 1 8 2246 
2250 2 2 8 2249 4 1372 
2251 13 2 8 2244 8 2250 
2252 1 0 
2253 2 1 4 2252 
2254 2 1 8 2253 
2255 13312 3 8 2254 53248 965 4 1362 
2256 2 1 8 2253 
2257 13312 2 8 2256 4 1372 
2258 13312 2 53248 2203 53248 2257 
2259 1 2 53248 2258 52 2251 
2260 13312 2 53248 2259 8 2244 
2261 1 0 
2262 2 1 4 2261 
2263 2 1 8 2262 
2264 13312 3 8 2263 53248 964 4 1362 
2265 2 1 8 2262 
2266 13312 2 8 2265 4 1372 
2267 13312 2 53248 2266 53248 2203 
2268 1 2 53248 2267 52 2251 
2269 13312 2 53248 2268 8 2250 
2270 13312 2 53248 2224 53248 2236 
2271 13312 2 53248 2266 53248 2260 
2272 13312 2 53248 2257 53248 2269 
2273 173056 2 692224 1910 692224 2179 
2274 1 1 692224 619 
2275 1 1 676 659 
2276 13 2 12 2274 12 2275 
2277 173056 2 692224 2273 676 659 
2278 1 2 692224 2277 52 2276 
2279 173056 2 692224 2278 12 2274 
2280 173056 2 692224 619 692224 2273 
2281 1 2 692224 2280 52 2276 
2282 169 2 692224 2281 12 2275 
2283 13312 1 53248 2227 
2284 1 1 53248 959 
2285 1 1 4 1372 
2286 1 0 
2287 2 1 4 2286 
2288 2 1 8 2287 
2289 2 3 8 2288 8 2284 4 1362 
2290 2 1 8 2287 
2291 2 2 8 2290 4 1372 
2292 13 2 8 2291 4 2285 
2293 1 2 53248 2270 52 2292 
2294 13312 2 53248 2293 8 2291 
2295 1 2 53248 2270 52 2292 
2296 1 2 53248 2295 4 2285 
2297 1 1 676 632 
2298 169 2 676 2282 8 2297 
2299 1 1 4 1372 
2300 53248 5 53248 2271 53248 2272 53248 2294 53248 2183 4 2299 
2301 4096 1 212992 2300 
2302 12582912 1 50331648 946 
2303 163577856 2 212992 2300 50331648 2302 
2304 1 0 
2305 2 1 4 2304 
2306 2 1 8 2305 
2307 39936 3 8 2306 159744 952 4 1362 
2308 2 1 8 2305 
2309 39936 2 8 2308 4 1372 
2310 163577856 2 159744 2309 212992 2300 
2311 4096 0 
2312 4096 1 16384 2311 
2313 4096 2 16384 2312 16384 2316 
2314 4096 2 16384 2313 4 1370 
2315 4096 2 16384 2314 16384 2301 
2316 4096 1 16384 2315 
2317 1 1 16384 2314 
2318 1 1 4 1372 
2319 1 1 4 1372 
2320 1 2 4 2319 4 2318 
2321 1 1 106496 936 
2322 1 0 
2323 2 1 4 2322 
2324 2 1 8 2323 
2325 26624 3 8 2324 106496 936 4 1362 
2326 2 1 8 2323 
2327 26624 2 8 2326 4 1372 
2328 1 0 
2329 2 1 4 2328 
2330 2 1 8 2329 
2331 13312 3 8 2330 53248 914 4 1362 
2332 2 1 8 2329 
2333 13312 2 8 2332 4 1372 
2334 1 2 106496 2327 53248 2333 
2335 2 3 4 2320 8 2334 8 2334 
2336 26624 3 159744 2303 8 2335 8 2334 
2337 13312 3 159744 2303 8 2335 8 2334 
2338 12582912 0 
2339 12582912 1 50331648 2338 
2340 12582912 2 50331648 2339 50331648 2343 
2341 12582912 2 50331648 2340 4 1370 
2342 12582912 2 50331648 2341 50331648 2310 
2343 12582912 1 50331648 2342 
2344 1 1 50331648 2341 
2345 1 1 106496 935 
2346 1 1 106496 934 
2347 1 0 
2348 2 1 4 2347 
2349 2 1 8 2348 
2350 2 3 8 2349 8 2345 4 1362 
2351 2 1 8 2348 
2352 2 2 8 2351 4 1372 
2353 1 0 
2354 2 1 4 2353 
2355 2 1 8 2354 
2356 2 3 8 2355 8 2346 4 1362 
2357 2 1 8 2354 
2358 2 2 8 2357 4 1372 
2359 13 2 8 2352 8 2358 
2360 1 0 
2361 2 1 4 2360 
2362 2 1 8 2361 
2363 26624 3 8 2362 106496 934 4 1362 
2364 2 1 8 2361 
2365 26624 2 8 2364 4 1372 
2366 26624 2 106496 2336 106496 2365 
2367 1 2 106496 2366 52 2359 
2368 26624 2 106496 2367 8 2352 
2369 1 0 
2370 2 1 4 2369 
2371 2 1 8 2370 
2372 26624 3 8 2371 106496 935 4 1362 
2373 2 1 8 2370 
2374 26624 2 8 2373 4 1372 
2375 26624 2 106496 2374 106496 2336 
2376 1 2 106496 2375 52 2359 
2377 26624 2 106496 2376 8 2358 
2378 1 1 106496 924 
2379 1 1 4 1372 
2380 1 0 
2381 2 1 4 2380 
2382 2 1 8 2381 
2383 2 3 8 2382 8 2378 4 1362 
2384 2 1 8 2381 
2385 2 2 8 2384 4 1372 
2386 13 2 8 2385 4 2379 
2387 1 1 4 1372 
2388 26624 2 106496 2368 4 2387 
2389 1 2 106496 2388 52 2386 
2390 26624 2 106496 2389 8 2385 
2391 1 0 
2392 2 1 4 2391 
2393 2 1 8 2392 
2394 26624 3 8 2393 106496 924 4 1362 
2395 2 1 8 2392 
2396 26624 2 8 2395 4 1372 
2397 26624 1 106496 2396 
2398 26624 2 106496 2397 4 2387 
2399 26624 2 106496 2398 4 2387 
2400 26624 2 106496 2368 106496 2399 
2401 1 2 106496 2400 52 2386 
2402 1 2 106496 2401 4 2379 
2403 13312 1 53248 2337 
2404 3 1 12 618 
2405 173056 2 692224 2279 12 2404 
2406 2 2 8 500 4 596 
2407 1 2 4 596 8 2406 
2408 1 4 8 2406 52 602 692224 2405 4 2407 
2409 1 1 4 1372 
2410 1 1 4 1372 
2411 1 2 4 2410 4 2409 
2412 1 1 53248 920 
2413 1 0 
2414 2 1 4 2413 
2415 2 1 8 2414 
2416 13312 3 8 2415 53248 920 4 1362 
2417 2 1 8 2414 
2418 13312 2 8 2417 4 1372 
2419 1 0 
2420 2 1 4 2419 
2421 2 1 8 2420 
2422 13312 3 8 2421 53248 915 4 1362 
2423 2 1 8 2420 
2424 13312 2 8 2423 4 1372 
2425 1 2 53248 2418 53248 2424 
2426 2 3 4 2411 8 2425 8 2425 
2427 13312 3 106496 2390 8 2426 8 2425 
2428 13312 3 106496 2390 8 2426 8 2425 
2429 13312 1 53248 1513 
2430 13312 1 53248 1514 
2431 1 1 4 2408 
2432 13312 2 53248 2429 53248 2630 
2433 13312 2 53248 2430 53248 2743 
2434 1 2 4 2431 4 2541 
2435 13312 1 53248 2427 
2436 13312 1 53248 2428 
2437 13312 2 53248 2432 4 1388 
2438 13312 2 53248 2433 4 1388 
2439 1 2 4 2434 4 1388 
2440 1 1 53248 2437 
2441 1 1 53248 2438 
2442 1 1 4 2439 
2443 2 0 
2444 13312 2 53248 2440 8 2443 
2445 1 0 
2446 2 1 4 2445 
2447 2 1 8 2446 
2448 13312 3 8 2447 53248 528 4 1380 
2449 2 1 8 2446 
2450 13312 2 8 2449 4 1390 
2451 1 28 53248 2450 52 2458 53248 2468 52 2475 4 2486 52 2495 8 2515 8 2521 53248 2528 53248 2537 8 2554 8 2560 8 2573 8 2579 53248 2586 8 2600 8 2606 53248 2613 53248 2622 8 2638 159744 2654 106496 2672 8 2691 8 2697 106496 2704 106496 2713 8 2725 106496 2736 
2452 13312 1 53248 2450 
2453 1 0 
2454 2 1 4 2453 
2455 2 1 8 2454 
2456 13 3 8 2455 52 583 4 1380 
2457 2 1 8 2454 
2458 13 2 8 2457 4 1390 
2459 13312 3 52 2458 53248 2437 53248 2452 
2460 13312 3 52 2458 53248 2452 53248 2437 
2461 2 0 
2462 13312 2 53248 2441 8 2461 
2463 1 0 
2464 2 1 4 2463 
2465 2 1 8 2464 
2466 13312 3 8 2465 53248 529 4 1380 
2467 2 1 8 2464 
2468 13312 2 8 2467 4 1390 
2469 13312 1 53248 2468 
2470 1 0 
2471 2 1 4 2470 
2472 2 1 8 2471 
2473 13 3 8 2472 52 585 4 1380 
2474 2 1 8 2471 
2475 13 2 8 2474 4 1390 
2476 13312 3 52 2475 53248 2438 53248 2469 
2477 13312 3 52 2475 53248 2469 53248 2438 
2478 2 1 8 500 
2479 2 2 8 2478 4 2439 
2480 1 2 4 2439 8 2479 
2481 1 0 
2482 2 1 4 2481 
2483 2 1 8 2482 
2484 1 3 8 2483 4 526 4 1380 
2485 2 1 8 2482 
2486 1 2 8 2485 4 1390 
2487 13312 3 8 2479 4 2486 4 2480 
2488 13312 1 53248 494 
2489 13312 2 53248 2488 4 1390 
2490 1 0 
2491 2 1 4 2490 
2492 2 1 8 2491 
2493 13 3 8 2492 52 580 4 1380 
2494 2 1 8 2491 
2495 13 2 8 2494 4 1390 
2496 13312 3 52 2495 53248 2487 53248 2489 
2497 13312 3 52 2495 53248 2489 53248 2487 
2498 1 1 53248 494 
2499 1 0 
2500 13312 2 8 2498 4 2499 
2501 13312 1 53248 2500 
2502 13312 2 53248 2501 53248 2505 
2503 13312 2 53248 2502 4 1388 
2504 13312 2 53248 2503 53248 2496 
2505 13312 1 53248 2504 
2506 1 1 53248 2503 
2507 13312 2 53248 2477 53248 2497 
2508 1 1 53248 576 
2509 1 1 53248 577 
2510 1 0 
2511 2 1 4 2510 
2512 2 1 8 2511 
2513 2 3 8 2512 8 2508 4 1380 
2514 2 1 8 2511 
2515 2 2 8 2514 4 1390 
2516 1 0 
2517 2 1 4 2516 
2518 2 1 8 2517 
2519 2 3 8 2518 8 2509 4 1380 
2520 2 1 8 2517 
2521 2 2 8 2520 4 1390 
2522 13 2 8 2515 8 2521 
2523 1 0 
2524 2 1 4 2523 
2525 2 1 8 2524 
2526 13312 3 8 2525 53248 577 4 1380 
2527 2 1 8 2524 
2528 13312 2 8 2527 4 1390 
2529 13312 2 53248 2507 53248 2528 
2530 1 2 53248 2529 52 2522 
2531 13312 2 53248 2530 8 2515 
2532 1 0 
2533 2 1 4 2532 
2534 2 1 8 2533 
2535 13312 3 8 2534 53248 576 4 1380 
2536 2 1 8 2533 
2537 13312 2 8 2536 4 1390 
2538 13312 2 53248 2537 53248 2507 
2539 1 2 53248 2538 52 2522 
2540 13312 2 53248 2539 8 2521 
2541 1 1 4 2439 
2542 2 0 
2543 13312 2 53248 2506 8 2542 
2544 13312 2 53248 2537 53248 2531 
2545 13312 2 53248 2528 53248 2540 
2546 13312 2 53248 2460 53248 2544 
2547 1 1 53248 571 
2548 1 1 53248 574 
2549 1 0 
2550 2 1 4 2549 
2551 2 1 8 2550 
2552 2 3 8 2551 8 2547 4 1380 
2553 2 1 8 2550 
2554 2 2 8 2553 4 1390 
2555 1 0 
2556 2 1 4 2555 
2557 2 1 8 2556 
2558 2 3 8 2557 8 2548 4 1380 
2559 2 1 8 2556 
2560 2 2 8 2559 4 1390 
2561 13 2 8 2554 8 2560 
2562 1 2 53248 2546 52 2561 
2563 13312 2 53248 2562 8 2554 
2564 1 2 53248 2546 52 2561 
2565 13312 2 53248 2564 8 2560 
2566 1 1 53248 528 
2567 1 1 53248 570 
2568 1 0 
2569 2 1 4 2568 
2570 2 1 8 2569 
2571 2 3 8 2570 8 2566 4 1380 
2572 2 1 8 2569 
2573 2 2 8 2572 4 1390 
2574 1 0 
2575 2 1 4 2574 
2576 2 1 8 2575 
2577 2 3 8 2576 8 2567 4 1380 
2578 2 1 8 2575 
2579 2 2 8 2578 4 1390 
2580 13 2 8 2573 8 2579 
2581 1 0 
2582 2 1 4 2581 
2583 2 1 8 2582 
2584 13312 3 8 2583 53248 570 4 1380 
2585 2 1 8 2582 
2586 13312 2 8 2585 4 1390 
2587 13312 2 53248 2563 53248 2586 
2588 1 2 53248 2587 52 2580 
2589 13312 2 53248 2588 8 2573 
2590 13312 2 53248 2450 53248 2563 
2591 1 2 53248 2590 52 2580 
2592 13312 2 53248 2591 8 2579 
2593 1 1 53248 572 
2594 1 1 53248 573 
2595 1 0 
2596 2 1 4 2595 
2597 2 1 8 2596 
2598 2 3 8 2597 8 2593 4 1380 
2599 2 1 8 2596 
2600 2 2 8 2599 4 1390 
2601 1 0 
2602 2 1 4 2601 
2603 2 1 8 2602 
2604 2 3 8 2603 8 2594 4 1380 
2605 2 1 8 2602 
2606 2 2 8 2605 4 1390 
2607 13 2 8 2600 8 2606 
2608 1 0 
2609 2 1 4 2608 
2610 2 1 8 2609 
2611 13312 3 8 2610 53248 573 4 1380 
2612 2 1 8 2609 
2613 13312 2 8 2612 4 1390 
2614 13312 2 53248 2565 53248 2613 
2615 1 2 53248 2614 52 2607 
2616 13312 2 53248 2615 8 2600 
2617 1 0 
2618 2 1 4 2617 
2619 2 1 8 2618 
2620 13312 3 8 2619 53248 572 4 1380 
2621 2 1 8 2618 
2622 13312 2 8 2621 4 1390 
2623 13312 2 53248 2622 53248 2565 
2624 1 2 53248 2623 52 2607 
2625 13312 2 53248 2624 8 2606 
2626 13312 2 53248 2459 53248 2589 
2627 13312 2 53248 2586 53248 2592 
2628 13312 2 53248 2622 53248 2616 
2629 13312 2 53248 2613 53248 2625 
2630 13312 1 53248 2626 
2631 1 1 53248 567 
2632 1 1 4 1390 
2633 1 0 
2634 2 1 4 2633 
2635 2 1 8 2634 
2636 2 3 8 2635 8 2631 4 1380 
2637 2 1 8 2634 
2638 2 2 8 2637 4 1390 
2639 13 2 8 2638 4 2632 
2640 1 2 53248 2627 52 2639 
2641 13312 2 53248 2640 8 2638 
2642 1 2 53248 2627 52 2639 
2643 1 2 53248 2642 4 2632 
2644 1 1 4 1390 
2645 53248 5 53248 2628 53248 2629 53248 2641 53248 2545 4 2644 
2646 4096 1 212992 2645 
2647 12582912 1 50331648 554 
2648 163577856 2 212992 2645 50331648 2647 
2649 1 0 
2650 2 1 4 2649 
2651 2 1 8 2650 
2652 39936 3 8 2651 159744 560 4 1380 
2653 2 1 8 2650 
2654 39936 2 8 2653 4 1390 
2655 163577856 2 159744 2654 212992 2645 
2656 4096 0 
2657 4096 1 16384 2656 
2658 4096 2 16384 2657 16384 2661 
2659 4096 2 16384 2658 4 1388 
2660 4096 2 16384 2659 16384 2646 
2661 4096 1 16384 2660 
2662 1 1 16384 2659 
2663 1 1 4 1390 
2664 1 1 4 1390 
2665 1 2 4 2664 4 2663 
2666 1 1 106496 544 
2667 1 0 
2668 2 1 4 2667 
2669 2 1 8 2668 
2670 26624 3 8 2669 106496 544 4 1380 
2671 2 1 8 2668 
2672 26624 2 8 2671 4 1390 
2673 1 2 106496 2672 53248 2468 
2674 2 3 4 2665 8 2673 8 2673 
2675 26624 3 159744 2648 8 2674 8 2673 
2676 13312 3 159744 2648 8 2674 8 2673 
2677 12582912 0 
2678 12582912 1 50331648 2677 
2679 12582912 2 50331648 2678 50331648 2682 
2680 12582912 2 50331648 2679 4 1388 
2681 12582912 2 50331648 2680 50331648 2655 
2682 12582912 1 50331648 2681 
2683 1 1 50331648 2680 
2684 1 1 106496 543 
2685 1 1 106496 542 
2686 1 0 
2687 2 1 4 2686 
2688 2 1 8 2687 
2689 2 3 8 2688 8 2684 4 1380 
2690 2 1 8 2687 
2691 2 2 8 2690 4 1390 
2692 1 0 
2693 2 1 4 2692 
2694 2 1 8 2693 
2695 2 3 8 2694 8 2685 4 1380 
2696 2 1 8 2693 
2697 2 2 8 2696 4 1390 
2698 13 2 8 2691 8 2697 
2699 1 0 
2700 2 1 4 2699 
2701 2 1 8 2700 
2702 26624 3 8 2701 106496 542 4 1380 
2703 2 1 8 2700 
2704 26624 2 8 2703 4 1390 
2705 26624 2 106496 2675 106496 2704 
2706 1 2 106496 2705 52 2698 
2707 26624 2 106496 2706 8 2691 
2708 1 0 
2709 2 1 4 2708 
2710 2 1 8 2709 
2711 26624 3 8 2710 106496 543 4 1380 
2712 2 1 8 2709 
2713 26624 2 8 2712 4 1390 
2714 26624 2 106496 2713 106496 2675 
2715 1 2 106496 2714 52 2698 
2716 26624 2 106496 2715 8 2697 
2717 13312 2 53248 2476 53248 2676 
2718 1 1 106496 532 
2719 1 1 4 1390 
2720 1 0 
2721 2 1 4 2720 
2722 2 1 8 2721 
2723 2 3 8 2722 8 2718 4 1380 
2724 2 1 8 2721 
2725 2 2 8 2724 4 1390 
2726 13 2 8 2725 4 2719 
2727 1 1 4 1390 
2728 26624 2 106496 2707 4 2727 
2729 1 2 106496 2728 52 2726 
2730 26624 2 106496 2729 8 2725 
2731 1 0 
2732 2 1 4 2731 
2733 2 1 8 2732 
2734 26624 3 8 2733 106496 532 4 1380 
2735 2 1 8 2732 
2736 26624 2 8 2735 4 1390 
2737 26624 1 106496 2736 
2738 26624 2 106496 2737 4 2727 
2739 26624 2 106496 2738 4 2727 
2740 26624 2 106496 2707 106496 2739 
2741 1 2 106496 2740 52 2726 
2742 1 2 106496 2741 4 2719 
2743 13312 1 53248 2717 
2744 2 1 8 501 
2745 1 1 4 510 
2746 2 3 8 2744 4 2745 4 1390 
2747 1 2 4 2745 8 2746 
2748 1 4 8 2746 4 2486 106496 2730 4 2747 
2749 1 0 
2750 1 1 4 2749 
2751 1 2 4 2750 4 2754 
2752 1 2 4 2751 4 1388 
2753 1 2 4 2752 4 2748 
2754 1 1 4 2753 
2755 1 1 4 2752 
2756 2 2 8 501 4 2755 
2757 1 2 4 2755 8 2756 
2758 346112 3 8 2756 52 509 4 2757 
2759 1 0 
2760 1 2 4 436 4 2759 
2761 1 1 692224 268 
2762 1 2 692224 268 692224 435 
2763 3 3 4 2760 12 2762 12 2762 
2764 173056 3 1384448 2758 12 2763 12 2762 
2765 173056 3 1384448 2758 12 2763 12 2762 
2766 2 2 8 165 4 261 
2767 1 2 4 261 8 2766 
2768 1 4 8 2766 52 267 692224 2764 4 2767 
2769 173056 2 692224 2765 676 69 
2770 2 2 8 330 4 426 
2771 1 2 4 426 8 2770 
2772 1 4 8 2770 52 432 692224 2769 4 2771 
2773 13312 1 53248 262 
2774 13312 1 53248 263 
2775 1 1 4 2768 
2776 13312 1 53248 2773 
2777 13312 1 53248 2774 
2778 1 2 4 2775 4 2942 
2779 13312 2 53248 2776 53248 3169 
2780 13312 2 53248 2777 53248 3340 
2781 13312 1 53248 1510 
2782 13312 1 53248 1511 
2783 1 1 4 2772 
2784 1 2 4 2778 4 1406 
2785 13312 2 53248 2779 4 1406 
2786 13312 2 53248 2780 4 1406 
2787 13312 2 53248 2781 53248 3189 
2788 13312 2 53248 2782 53248 3400 
2789 1 2 4 2783 4 3000 
2790 1 1 4 2784 
2791 1 1 53248 2785 
2792 1 1 53248 2786 
2793 13312 2 53248 2787 4 1424 
2794 13312 2 53248 2788 4 1424 
2795 1 2 4 2789 4 1424 
2796 2 1 8 165 
2797 2 2 8 2796 4 2784 
2798 1 2 4 2784 8 2797 
2799 1 0 
2800 2 1 4 2799 
2801 2 1 8 2800 
2802 1 3 8 2801 4 191 4 1398 
2803 2 1 8 2800 
2804 1 2 8 2803 4 1408 
2805 1 28 4 2804 53248 2814 52 2821 53248 2831 52 2838 52 2851 8 2916 8 2922 53248 2929 53248 2938 8 3009 8 3015 8 3032 8 3038 53248 3045 8 3059 8 3065 53248 3072 53248 3081 8 3177 106496 3213 53248 3232 8 3267 8 3273 53248 3280 53248 3289 8 3322 53248 3333 
2806 13312 3 8 2797 4 2804 4 2798 
2807 2 0 
2808 13312 2 53248 2791 8 2807 
2809 1 0 
2810 2 1 4 2809 
2811 2 1 8 2810 
2812 13312 3 8 2811 53248 193 4 1398 
2813 2 1 8 2810 
2814 13312 2 8 2813 4 1408 
2815 13312 1 53248 2814 
2816 1 0 
2817 2 1 4 2816 
2818 2 1 8 2817 
2819 13 3 8 2818 52 248 4 1398 
2820 2 1 8 2817 
2821 13 2 8 2820 4 1408 
2822 13312 3 52 2821 53248 2785 53248 2815 
2823 13312 3 52 2821 53248 2815 53248 2785 
2824 2 0 
2825 13312 2 53248 2792 8 2824 
2826 1 0 
2827 2 1 4 2826 
2828 2 1 8 2827 
2829 13312 3 8 2828 53248 194 4 1398 
2830 2 1 8 2827 
2831 13312 2 8 2830 4 1408 
2832 13312 1 53248 2831 
2833 1 0 
2834 2 1 4 2833 
2835 2 1 8 2834 
2836 13 3 8 2835 52 250 4 1398 
2837 2 1 8 2834 
2838 13 2 8 2837 4 1408 
2839 13312 3 52 2838 53248 2786 53248 2832 
2840 13312 3 52 2838 53248 2832 53248 2786 
2841 1 1 53248 2793 
2842 1 1 53248 2794 
2843 1 1 4 2795 
2844 13312 1 53248 159 
2845 13312 2 53248 2844 4 1408 
2846 1 0 
2847 2 1 4 2846 
2848 2 1 8 2847 
2849 13 3 8 2848 52 245 4 1398 
2850 2 1 8 2847 
2851 13 2 8 2850 4 1408 
2852 13312 3 52 2851 53248 2806 53248 2845 
2853 13312 3 52 2851 53248 2845 53248 2806 
2854 2 0 
2855 13312 2 53248 2841 8 2854 
2856 1 0 
2857 2 1 4 2856 
2858 2 1 8 2857 
2859 13312 3 8 2858 53248 358 4 1416 
2860 2 1 8 2857 
2861 13312 2 8 2860 4 1426 
2862 1 28 53248 2861 52 2869 53248 2879 52 2886 4 2897 52 2950 8 2974 8 2980 53248 2987 53248 2996 8 3093 8 3099 8 3116 8 3122 53248 3129 8 3143 8 3149 53248 3156 53248 3165 8 3197 106496 3251 53248 3303 8 3348 8 3354 53248 3361 53248 3370 8 3382 53248 3393 
2863 13312 1 53248 2861 
2864 1 0 
2865 2 1 4 2864 
2866 2 1 8 2865 
2867 13 3 8 2866 52 413 4 1416 
2868 2 1 8 2865 
2869 13 2 8 2868 4 1426 
2870 13312 3 52 2869 53248 2793 53248 2863 
2871 13312 3 52 2869 53248 2863 53248 2793 
2872 2 0 
2873 13312 2 53248 2842 8 2872 
2874 1 0 
2875 2 1 4 2874 
2876 2 1 8 2875 
2877 13312 3 8 2876 53248 359 4 1416 
2878 2 1 8 2875 
2879 13312 2 8 2878 4 1426 
2880 13312 1 53248 2879 
2881 1 0 
2882 2 1 4 2881 
2883 2 1 8 2882 
2884 13 3 8 2883 52 415 4 1416 
2885 2 1 8 2882 
2886 13 2 8 2885 4 1426 
2887 13312 3 52 2886 53248 2794 53248 2880 
2888 13312 3 52 2886 53248 2880 53248 2794 
2889 2 1 8 330 
2890 2 2 8 2889 4 2795 
2891 1 2 4 2795 8 2890 
2892 1 0 
2893 2 1 4 2892 
2894 2 1 8 2893 
2895 1 3 8 2894 4 356 4 1416 
2896 2 1 8 2893 
2897 1 2 8 2896 4 1426 
2898 13312 3 8 2890 4 2897 4 2891 
2899 1 1 53248 159 
2900 1 0 
2901 13312 2 8 2899 4 2900 
2902 13312 1 53248 2901 
2903 13312 2 53248 2902 53248 2906 
2904 13312 2 53248 2903 4 1406 
2905 13312 2 53248 2904 53248 2852 
2906 13312 1 53248 2905 
2907 1 1 53248 2904 
2908 13312 2 53248 2840 53248 2853 
2909 1 1 53248 241 
2910 1 1 53248 242 
2911 1 0 
2912 2 1 4 2911 
2913 2 1 8 2912 
2914 2 3 8 2913 8 2909 4 1398 
2915 2 1 8 2912 
2916 2 2 8 2915 4 1408 
2917 1 0 
2918 2 1 4 2917 
2919 2 1 8 2918 
2920 2 3 8 2919 8 2910 4 1398 
2921 2 1 8 2918 
2922 2 2 8 2921 4 1408 
2923 13 2 8 2916 8 2922 
2924 1 0 
2925 2 1 4 2924 
2926 2 1 8 2925 
2927 13312 3 8 2926 53248 242 4 1398 
2928 2 1 8 2925 
2929 13312 2 8 2928 4 1408 
2930 13312 2 53248 2908 53248 2929 
2931 1 2 53248 2930 52 2923 
2932 13312 2 53248 2931 8 2916 
2933 1 0 
2934 2 1 4 2933 
2935 2 1 8 2934 
2936 13312 3 8 2935 53248 241 4 1398 
2937 2 1 8 2934 
2938 13312 2 8 2937 4 1408 
2939 13312 2 53248 2938 53248 2908 
2940 1 2 53248 2939 52 2923 
2941 13312 2 53248 2940 8 2922 
2942 1 1 4 2784 
2943 13312 1 53248 324 
2944 13312 2 53248 2943 4 1426 
2945 1 0 
2946 2 1 4 2945 
2947 2 1 8 2946 
2948 13 3 8 2947 52 410 4 1416 
2949 2 1 8 2946 
2950 13 2 8 2949 4 1426 
2951 13312 3 52 2950 53248 2898 53248 2944 
2952 13312 3 52 2950 53248 2944 53248 2898 
2953 2 0 
2954 13312 2 53248 2907 8 2953 
2955 13312 2 53248 2938 53248 2932 
2956 13312 2 53248 2929 53248 2941 
2957 1 1 53248 324 
2958 1 0 
2959 13312 2 8 2957 4 2958 
2960 13312 1 53248 2959 
2961 13312 2 53248 2960 53248 2964 
2962 13312 2 53248 2961 4 1424 
2963 13312 2 53248 2962 53248 2951 
2964 13312 1 53248 2963 
2965 1 1 53248 2962 
2966 13312 2 53248 2888 53248 2952 
2967 1 1 53248 406 
2968 1 1 53248 407 
2969 1 0 
2970 2 1 4 2969 
2971 2 1 8 2970 
2972 2 3 8 2971 8 2967 4 1416 
2973 2 1 8 2970 
2974 2 2 8 2973 4 1426 
2975 1 0 
2976 2 1 4 2975 
2977 2 1 8 2976 
2978 2 3 8 2977 8 2968 4 1416 
2979 2 1 8 2976 
2980 2 2 8 2979 4 1426 
2981 13 2 8 2974 8 2980 
2982 1 0 
2983 2 1 4 2982 
2984 2 1 8 2983 
2985 13312 3 8 2984 53248 407 4 1416 
2986 2 1 8 2983 
2987 13312 2 8 2986 4 1426 
2988 13312 2 53248 2966 53248 2987 
2989 1 2 53248 2988 52 2981 
2990 13312 2 53248 2989 8 2974 
2991 1 0 
2992 2 1 4 2991 
2993 2 1 8 2992 
2994 13312 3 8 2993 53248 406 4 1416 
2995 2 1 8 2992 
2996 13312 2 8 2995 4 1426 
2997 13312 2 53248 2996 53248 2966 
2998 1 2 53248 2997 52 2981 
2999 13312 2 53248 2998 8 2980 
3000 1 1 4 2795 
3001 13312 2 53248 2823 53248 2955 
3002 1 1 53248 236 
3003 1 1 53248 239 
3004 1 0 
3005 2 1 4 3004 
3006 2 1 8 3005 
3007 2 3 8 3006 8 3002 4 1398 
3008 2 1 8 3005 
3009 2 2 8 3008 4 1408 
3010 1 0 
3011 2 1 4 3010 
3012 2 1 8 3011 
3013 2 3 8 3012 8 3003 4 1398 
3014 2 1 8 3011 
3015 2 2 8 3014 4 1408 
3016 13 2 8 3009 8 3015 
3017 1 2 53248 3001 52 3016 
3018 13312 2 53248 3017 8 3009 
3019 1 2 53248 3001 52 3016 
3020 13312 2 53248 3019 8 3015 
3021 2 0 
3022 13312 2 53248 2965 8 3021 
3023 13312 2 53248 2996 53248 2990 
3024 13312 2 53248 2987 53248 2999 
3025 1 1 53248 193 
3026 1 1 53248 235 
3027 1 0 
3028 2 1 4 3027 
3029 2 1 8 3028 
3030 2 3 8 3029 8 3025 4 1398 
3031 2 1 8 3028 
3032 2 2 8 3031 4 1408 
3033 1 0 
3034 2 1 4 3033 
3035 2 1 8 3034 
3036 2 3 8 3035 8 3026 4 1398 
3037 2 1 8 3034 
3038 2 2 8 3037 4 1408 
3039 13 2 8 3032 8 3038 
3040 1 0 
3041 2 1 4 3040 
3042 2 1 8 3041 
3043 13312 3 8 3042 53248 235 4 1398 
3044 2 1 8 3041 
3045 13312 2 8 3044 4 1408 
3046 13312 2 53248 3018 53248 3045 
3047 1 2 53248 3046 52 3039 
3048 13312 2 53248 3047 8 3032 
3049 13312 2 53248 2814 53248 3018 
3050 1 2 53248 3049 52 3039 
3051 13312 2 53248 3050 8 3038 
3052 1 1 53248 237 
3053 1 1 53248 238 
3054 1 0 
3055 2 1 4 3054 
3056 2 1 8 3055 
3057 2 3 8 3056 8 3052 4 1398 
3058 2 1 8 3055 
3059 2 2 8 3058 4 1408 
3060 1 0 
3061 2 1 4 3060 
3062 2 1 8 3061 
3063 2 3 8 3062 8 3053 4 1398 
3064 2 1 8 3061 
3065 2 2 8 3064 4 1408 
3066 13 2 8 3059 8 3065 
3067 1 0 
3068 2 1 4 3067 
3069 2 1 8 3068 
3070 13312 3 8 3069 53248 238 4 1398 
3071 2 1 8 3068 
3072 13312 2 8 3071 4 1408 
3073 13312 2 53248 3020 53248 3072 
3074 1 2 53248 3073 52 3066 
3075 13312 2 53248 3074 8 3059 
3076 1 0 
3077 2 1 4 3076 
3078 2 1 8 3077 
3079 13312 3 8 3078 53248 237 4 1398 
3080 2 1 8 3077 
3081 13312 2 8 3080 4 1408 
3082 13312 2 53248 3081 53248 3020 
3083 1 2 53248 3082 52 3066 
3084 13312 2 53248 3083 8 3065 
3085 13312 2 53248 2871 53248 3023 
3086 1 1 53248 401 
3087 1 1 53248 404 
3088 1 0 
3089 2 1 4 3088 
3090 2 1 8 3089 
3091 2 3 8 3090 8 3086 4 1416 
3092 2 1 8 3089 
3093 2 2 8 3092 4 1426 
3094 1 0 
3095 2 1 4 3094 
3096 2 1 8 3095 
3097 2 3 8 3096 8 3087 4 1416 
3098 2 1 8 3095 
3099 2 2 8 3098 4 1426 
3100 13 2 8 3093 8 3099 
3101 1 2 53248 3085 52 3100 
3102 13312 2 53248 3101 8 3093 
3103 1 2 53248 3085 52 3100 
3104 13312 2 53248 3103 8 3099 
3105 13312 2 53248 2822 53248 3048 
3106 13312 2 53248 3045 53248 3051 
3107 13312 2 53248 3081 53248 3075 
3108 13312 2 53248 3072 53248 3084 
3109 1 1 53248 358 
3110 1 1 53248 400 
3111 1 0 
3112 2 1 4 3111 
3113 2 1 8 3112 
3114 2 3 8 3113 8 3109 4 1416 
3115 2 1 8 3112 
3116 2 2 8 3115 4 1426 
3117 1 0 
3118 2 1 4 3117 
3119 2 1 8 3118 
3120 2 3 8 3119 8 3110 4 1416 
3121 2 1 8 3118 
3122 2 2 8 3121 4 1426 
3123 13 2 8 3116 8 3122 
3124 1 0 
3125 2 1 4 3124 
3126 2 1 8 3125 
3127 13312 3 8 3126 53248 400 4 1416 
3128 2 1 8 3125 
3129 13312 2 8 3128 4 1426 
3130 13312 2 53248 3102 53248 3129 
3131 1 2 53248 3130 52 3123 
3132 13312 2 53248 3131 8 3116 
3133 13312 2 53248 2861 53248 3102 
3134 1 2 53248 3133 52 3123 
3135 13312 2 53248 3134 8 3122 
3136 1 1 53248 402 
3137 1 1 53248 403 
3138 1 0 
3139 2 1 4 3138 
3140 2 1 8 3139 
3141 2 3 8 3140 8 3136 4 1416 
3142 2 1 8 3139 
3143 2 2 8 3142 4 1426 
3144 1 0 
3145 2 1 4 3144 
3146 2 1 8 3145 
3147 2 3 8 3146 8 3137 4 1416 
3148 2 1 8 3145 
3149 2 2 8 3148 4 1426 
3150 13 2 8 3143 8 3149 
3151 1 0 
3152 2 1 4 3151 
3153 2 1 8 3152 
3154 13312 3 8 3153 53248 403 4 1416 
3155 2 1 8 3152 
3156 13312 2 8 3155 4 1426 
3157 13312 2 53248 3104 53248 3156 
3158 1 2 53248 3157 52 3150 
3159 13312 2 53248 3158 8 3143 
3160 1 0 
3161 2 1 4 3160 
3162 2 1 8 3161 
3163 13312 3 8 3162 53248 402 4 1416 
3164 2 1 8 3161 
3165 13312 2 8 3164 4 1426 
3166 13312 2 53248 3165 53248 3104 
3167 1 2 53248 3166 52 3150 
3168 13312 2 53248 3167 8 3149 
3169 13312 1 53248 3105 
3170 1 1 53248 232 
3171 1 1 4 1408 
3172 1 0 
3173 2 1 4 3172 
3174 2 1 8 3173 
3175 2 3 8 3174 8 3170 4 1398 
3176 2 1 8 3173 
3177 2 2 8 3176 4 1408 
3178 13 2 8 3177 4 3171 
3179 1 2 53248 3106 52 3178 
3180 13312 2 53248 3179 8 3177 
3181 1 2 53248 3106 52 3178 
3182 1 2 53248 3181 4 3171 
3183 13312 2 53248 2870 53248 3132 
3184 13312 2 53248 3129 53248 3135 
3185 13312 2 53248 3165 53248 3159 
3186 13312 2 53248 3156 53248 3168 
3187 1 1 4 1408 
3188 53248 5 53248 3107 53248 3108 53248 3180 53248 2956 4 3187 
3189 13312 1 53248 3183 
3190 1 1 53248 397 
3191 1 1 4 1426 
3192 1 0 
3193 2 1 4 3192 
3194 2 1 8 3193 
3195 2 3 8 3194 8 3190 4 1416 
3196 2 1 8 3193 
3197 2 2 8 3196 4 1426 
3198 13 2 8 3197 4 3191 
3199 1 2 53248 3184 52 3198 
3200 13312 2 53248 3199 8 3197 
3201 1 2 53248 3184 52 3198 
3202 1 2 53248 3201 4 3191 
3203 4096 1 212992 3188 
3204 1 1 4 1426 
3205 53248 5 53248 3185 53248 3186 53248 3200 53248 3024 4 3204 
3206 8388608 1 33554432 219 
3207 109051904 2 212992 3188 33554432 3206 
3208 1 0 
3209 2 1 4 3208 
3210 2 1 8 3209 
3211 26624 3 8 3210 106496 225 4 1398 
3212 2 1 8 3209 
3213 26624 2 8 3212 4 1408 
3214 109051904 2 106496 3213 212992 3188 
3215 4096 0 
3216 4096 1 16384 3215 
3217 4096 2 16384 3216 16384 3220 
3218 4096 2 16384 3217 4 1406 
3219 4096 2 16384 3218 16384 3203 
3220 4096 1 16384 3219 
3221 1 1 16384 3218 
3222 4096 1 212992 3205 
3223 1 1 4 1408 
3224 1 1 4 1408 
3225 1 2 4 3224 4 3223 
3226 1 1 53248 209 
3227 1 0 
3228 2 1 4 3227 
3229 2 1 8 3228 
3230 13312 3 8 3229 53248 209 4 1398 
3231 2 1 8 3228 
3232 13312 2 8 3231 4 1408 
3233 1 2 53248 3232 53248 2831 
3234 2 3 4 3225 8 3233 8 3233 
3235 13312 3 106496 3207 8 3234 8 3233 
3236 13312 3 106496 3207 8 3234 8 3233 
3237 8388608 0 
3238 8388608 1 33554432 3237 
3239 8388608 2 33554432 3238 33554432 3242 
3240 8388608 2 33554432 3239 4 1406 
3241 8388608 2 33554432 3240 33554432 3214 
3242 8388608 1 33554432 3241 
3243 1 1 33554432 3240 
3244 8388608 1 33554432 384 
3245 109051904 2 212992 3205 33554432 3244 
3246 1 0 
3247 2 1 4 3246 
3248 2 1 8 3247 
3249 26624 3 8 3248 106496 390 4 1416 
3250 2 1 8 3247 
3251 26624 2 8 3250 4 1426 
3252 109051904 2 106496 3251 212992 3205 
3253 4096 0 
3254 4096 1 16384 3253 
3255 4096 2 16384 3254 16384 3258 
3256 4096 2 16384 3255 4 1424 
3257 4096 2 16384 3256 16384 3222 
3258 4096 1 16384 3257 
3259 1 1 16384 3256 
3260 1 1 53248 208 
3261 1 1 53248 207 
3262 1 0 
3263 2 1 4 3262 
3264 2 1 8 3263 
3265 2 3 8 3264 8 3260 4 1398 
3266 2 1 8 3263 
3267 2 2 8 3266 4 1408 
3268 1 0 
3269 2 1 4 3268 
3270 2 1 8 3269 
3271 2 3 8 3270 8 3261 4 1398 
3272 2 1 8 3269 
3273 2 2 8 3272 4 1408 
3274 13 2 8 3267 8 3273 
3275 1 0 
3276 2 1 4 3275 
3277 2 1 8 3276 
3278 13312 3 8 3277 53248 207 4 1398 
3279 2 1 8 3276 
3280 13312 2 8 3279 4 1408 
3281 13312 2 53248 3235 53248 3280 
3282 1 2 53248 3281 52 3274 
3283 13312 2 53248 3282 8 3267 
3284 1 0 
3285 2 1 4 3284 
3286 2 1 8 3285 
3287 13312 3 8 3286 53248 208 4 1398 
3288 2 1 8 3285 
3289 13312 2 8 3288 4 1408 
3290 13312 2 53248 3289 53248 3235 
3291 1 2 53248 3290 52 3274 
3292 13312 2 53248 3291 8 3273 
3293 13312 2 53248 2839 53248 3236 
3294 1 1 4 1426 
3295 1 1 4 1426 
3296 1 2 4 3295 4 3294 
3297 1 1 53248 374 
3298 1 0 
3299 2 1 4 3298 
3300 2 1 8 3299 
3301 13312 3 8 3300 53248 374 4 1416 
3302 2 1 8 3299 
3303 13312 2 8 3302 4 1426 
3304 1 2 53248 3303 53248 2879 
3305 2 3 4 3296 8 3304 8 3304 
3306 13312 3 106496 3245 8 3305 8 3304 
3307 13312 3 106496 3245 8 3305 8 3304 
3308 8388608 0 
3309 8388608 1 33554432 3308 
3310 8388608 2 33554432 3309 33554432 3313 
3311 8388608 2 33554432 3310 4 1424 
3312 8388608 2 33554432 3311 33554432 3252 
3313 8388608 1 33554432 3312 
3314 1 1 33554432 3311 
3315 1 1 53248 197 
3316 1 1 4 1408 
3317 1 0 
3318 2 1 4 3317 
3319 2 1 8 3318 
3320 2 3 8 3319 8 3315 4 1398 
3321 2 1 8 3318 
3322 2 2 8 3321 4 1408 
3323 13 2 8 3322 4 3316 
3324 1 1 4 1408 
3325 13312 2 53248 3283 4 3324 
3326 1 2 53248 3325 52 3323 
3327 13312 2 53248 3326 8 3322 
3328 1 0 
3329 2 1 4 3328 
3330 2 1 8 3329 
3331 13312 3 8 3330 53248 197 4 1398 
3332 2 1 8 3329 
3333 13312 2 8 3332 4 1408 
3334 13312 1 53248 3333 
3335 13312 2 53248 3334 4 3324 
3336 13312 2 53248 3335 4 3324 
3337 13312 2 53248 3283 53248 3336 
3338 1 2 53248 3337 52 3323 
3339 1 2 53248 3338 4 3316 
3340 13312 1 53248 3293 
3341 1 1 53248 373 
3342 1 1 53248 372 
3343 1 0 
3344 2 1 4 3343 
3345 2 1 8 3344 
3346 2 3 8 3345 8 3341 4 1416 
3347 2 1 8 3344 
3348 2 2 8 3347 4 1426 
3349 1 0 
3350 2 1 4 3349 
3351 2 1 8 3350 
3352 2 3 8 3351 8 3342 4 1416 
3353 2 1 8 3350 
3354 2 2 8 3353 4 1426 
3355 13 2 8 3348 8 3354 
3356 1 0 
3357 2 1 4 3356 
3358 2 1 8 3357 
3359 13312 3 8 3358 53248 372 4 1416 
3360 2 1 8 3357 
3361 13312 2 8 3360 4 1426 
3362 13312 2 53248 3306 53248 3361 
3363 1 2 53248 3362 52 3355 
3364 13312 2 53248 3363 8 3348 
3365 1 0 
3366 2 1 4 3365 
3367 2 1 8 3366 
3368 13312 3 8 3367 53248 373 4 1416 
3369 2 1 8 3366 
3370 13312 2 8 3369 4 1426 
3371 13312 2 53248 3370 53248 3306 
3372 1 2 53248 3371 52 3355 
3373 13312 2 53248 3372 8 3354 
3374 13312 2 53248 2887 53248 3307 
3375 1 1 53248 362 
3376 1 1 4 1426 
3377 1 0 
3378 2 1 4 3377 
3379 2 1 8 3378 
3380 2 3 8 3379 8 3375 4 1416 
3381 2 1 8 3378 
3382 2 2 8 3381 4 1426 
3383 13 2 8 3382 4 3376 
3384 1 1 4 1426 
3385 13312 2 53248 3364 4 3384 
3386 1 2 53248 3385 52 3383 
3387 13312 2 53248 3386 8 3382 
3388 1 0 
3389 2 1 4 3388 
3390 2 1 8 3389 
3391 13312 3 8 3390 53248 362 4 1416 
3392 2 1 8 3389 
3393 13312 2 8 3392 4 1426 
3394 13312 1 53248 3393 
3395 13312 2 53248 3394 4 3384 
3396 13312 2 53248 3395 4 3384 
3397 13312 2 53248 3364 53248 3396 
3398 1 2 53248 3397 52 3383 
3399 1 2 53248 3398 4 3376 
3400 13312 1 53248 3374 
3401 2 1 8 166 
3402 1 1 4 175 
3403 2 3 8 3401 4 3402 4 1408 
3404 1 2 4 3402 8 3403 
3405 1 4 8 3403 4 2804 53248 3327 4 3404 
3406 1 0 
3407 1 1 4 3406 
3408 1 2 4 3407 4 3411 
3409 1 2 4 3408 4 1406 
3410 1 2 4 3409 4 3405 
3411 1 1 4 3410 
3412 1 1 4 3409 
3413 2 1 8 331 
3414 1 1 4 340 
3415 2 3 8 3413 4 3414 4 1426 
3416 1 2 4 3414 8 3415 
3417 1 4 8 3415 4 2897 53248 3387 4 3416 
3418 2 2 8 166 4 3412 
3419 1 2 4 3412 8 3418 
3420 173056 3 8 3418 52 174 4 3419 
3421 1 0 
3422 1 1 4 3421 
3423 1 2 4 3422 4 3426 
3424 1 2 4 3423 4 1424 
3425 1 2 4 3424 4 3417 
3426 1 1 4 3425 
3427 1 1 4 3424 
3428 2 2 8 331 4 3427 
3429 1 2 4 3427 8 3428 
3430 173056 3 8 3428 52 339 4 3429 
3431 173056 2 692224 3430 676 69 
3432 173056 2 692224 3431 692224 3420 
3433 2 0 
3434 2 1 16 3433 
3435 1 1 676 98 
3436 1 0 
3437 1 2 4 3435 4 3436 
3438 1 0 
3439 1 0 
3440 1 0 
3441 1 4 8 3434 4 3438 4 3439 4 3440 
3442 1 0 
3443 2 3 4 3437 4 3441 4 3442 
3444 13312 2 692224 3432 8 3443 
3445 13 2 676 98 4 3437 
3446 13312 1 53248 3444 
3447 13312 1 53248 1752 
3448 8388608 1 33554432 3243 
3449 4096 1 16384 3221 
3450 8388608 1 33554432 3314 
3451 4096 1 16384 3259 
3452 12582912 1 50331648 2683 
3453 4096 1 16384 2662 
3454 1048576 1 4194304 2181 
3455 12582912 1 50331648 2344 
3456 4096 1 16384 2317 
3457 1048576 1 4194304 2139 
3458 1024 1 4096 2124 
3459 1 1 4 2066 
3460 1024 1 4096 2096 
3461 12582912 1 50331648 1796 
3462 4096 1 16384 1769 
3463 37425152 1 149700608 1474 
3464 18 18 4 3446 4 3447 4 3448 4 3449 4 3450 4 3451 4 3452 4 3453 4 3454 4 3455 4 3456 4 3457 4 3458 4 3459 4 3460 4 3461 4 3462 4 3463 
3465 1 0 
3466 18 2 72 3464 4 3465 
3467 1 0 
3468 1 2 4 3466 4 3467 
3469 1 1 4 3468 
3470 1 0 
3471 1 2 4 3470 4 3469 
3472 1 0 
3473 1 0 
3474 1 2 4 3472 4 3473 
3475 1 2 4 3471 4 3474 
3476 1 0 
3477 1 2 4 3476 4 3475 
3478 13312 2 53248 3444 4 3477 
3479 13312 1 53248 3478 
3480 13312 2 53248 1752 4 3477 
3481 13312 1 53248 3480 
3482 8388608 2 33554432 3243 4 3477 
3483 8388608 1 33554432 3482 
3484 4096 2 16384 3221 4 3477 
3485 4096 1 16384 3484 
3486 8388608 2 33554432 3314 4 3477 
3487 8388608 1 33554432 3486 
3488 4096 2 16384 3259 4 3477 
3489 4096 1 16384 3488 
3490 12582912 2 50331648 2683 4 3477 
3491 12582912 1 50331648 3490 
3492 4096 2 16384 2662 4 3477 
3493 4096 1 16384 3492 
3494 1048576 2 4194304 2181 4 3477 
3495 1048576 1 4194304 3494 
3496 12582912 2 50331648 2344 4 3477 
3497 12582912 1 50331648 3496 
3498 4096 2 16384 2317 4 3477 
3499 4096 1 16384 3498 
3500 1048576 2 4194304 2139 4 3477 
3501 1048576 1 4194304 3500 
3502 1024 2 4096 2124 4 3477 
3503 1024 1 4096 3502 
3504 1 2 4 2066 4 3477 
3505 1 1 4 3504 
3506 1024 2 4096 2096 4 3477 
3507 1024 1 4096 3506 
3508 12582912 2 50331648 1796 4 3477 
3509 12582912 1 50331648 3508 
3510 4096 2 16384 1769 4 3477 
3511 4096 1 16384 3510 
3512 37425152 2 149700608 1474 4 3477 
3513 37425152 1 149700608 3512 
3514 1 0 
3515 1 2 1 3514 4 3469 
3516 13312 1 53248 3479 
3517 13312 1 53248 3481 
3518 8388608 1 33554432 3483 
3519 4096 1 16384 3485 
3520 8388608 1 33554432 3487 
3521 4096 1 16384 3489 
3522 12582912 1 50331648 3491 
3523 4096 1 16384 3493 
3524 1048576 1 4194304 3495 
3525 12582912 1 50331648 3497 
3526 4096 1 16384 3499 
3527 1048576 1 4194304 3501 
3528 1024 1 4096 3503 
3529 1 1 4 3505 
3530 1024 1 4096 3507 
3531 12582912 1 50331648 3509 
3532 4096 1 16384 3511 
3533 37425152 1 149700608 3513 
3534 18 18 4 3516 4 3517 4 3518 4 3519 4 3520 4 3521 4 3522 4 3523 4 3524 4 3525 4 3526 4 3527 4 3528 4 3529 4 3530 4 3531 4 3532 4 3533 
3535 1 0 
3536 18 2 72 3534 4 3535 
3537 1 0 
3538 1 2 4 3536 4 3537 
3539 1 1 4 3538 
3540 1 0 
3541 1 2 1 3540 4 3539 
3542 13312 2 53248 3479 4 1351 
3543 37425152 3 149700608 77 52 3445 53248 3542 
3544 13312 2 53248 3481 4 1351 
3545 37425152 3 149700608 87 52 1753 53248 3544 
3546 8388608 3 33554432 217 4 1351 33554432 3483 
3547 4096 3 16384 221 4 1351 16384 3485 
3548 8388608 3 33554432 382 4 1351 33554432 3487 
3549 4096 3 16384 386 4 1351 16384 3489 
3550 12582912 3 50331648 552 4 1351 50331648 3491 
3551 4096 3 16384 556 4 1351 16384 3493 
3552 1048576 3 4194304 668 4 1351 4194304 3495 
3553 12582912 3 50331648 944 4 1351 50331648 3497 
3554 4096 3 16384 948 4 1351 16384 3499 
3555 1048576 3 4194304 997 4 1351 4194304 3501 
3556 1024 3 4096 1011 4 1351 4096 3503 
3557 1 3 4 1016 4 1351 4 3505 
3558 1024 3 4096 1020 4 1351 4096 3507 
3559 12582912 3 50331648 1100 4 1351 50331648 3509 
3560 4096 3 16384 1104 4 1351 16384 3511 
3561 37425152 3 149700608 1206 4 1351 149700608 3513 
3562 1 6 4194304 3552 4194304 3555 4096 3556 4 3557 4096 3558 149700608 3561 
3563 1 12 149700608 3543 149700608 3545 33554432 3546 16384 3547 33554432 3548 16384 3549 50331648 3550 16384 3551 50331648 3553 16384 3554 50331648 3559 16384 3560 
3564 1 2 4 3562 4 3563 
3565 1 1 4 3564 
3566 1 2 4 1308 4 3565 
3567 1 0 
3568 1 2 1 3567 4 1351 
3569 1 0 
3570 1 2 1 3569 4 1299 
3571 1 4 4 3568 4 3570 4 3515 4 3541 
3572 1 0 
3573 19 0 
3574 19 0 
3575 1 22 1 3572 361 3573 361 3574 4 1308 4194304 668 4096 1020 4 1016 4096 1011 4194304 997 16384 948 50331648 944 16384 1104 50331648 1100 149700608 1206 16384 386 33554432 382 16384 221 33554432 217 16384 556 50331648 552 149700608 87 149700608 77 
3576 1 2 1 3572 4 3575 
3577 1 0 
3578 1 0 
3579 1 3 1 3572 1 3577 1 3578 
3580 1 2 4 1308 4 3579 
3581 1 0 
3582 1 0 
3583 1 3 1 3572 1 3581 1 3582 
3584 1048576 2 4194304 668 4 3583 
3585 1 0 
3586 1 0 
3587 1 3 1 3572 1 3585 1 3586 
3588 1024 2 4096 1020 4 3587 
3589 1 0 
3590 1 0 
3591 1 3 1 3572 1 3589 1 3590 
3592 1 2 4 1016 4 3591 
3593 1 0 
3594 1 0 
3595 1 3 1 3572 1 3593 1 3594 
3596 1024 2 4096 1011 4 3595 
3597 1 0 
3598 1 0 
3599 1 3 1 3572 1 3597 1 3598 
3600 1048576 2 4194304 997 4 3599 
3601 1 0 
3602 1 0 
3603 1 3 1 3572 1 3601 1 3602 
3604 4096 2 16384 948 4 3603 
3605 1 0 
3606 1 0 
3607 1 3 1 3572 1 3605 1 3606 
3608 12582912 2 50331648 944 4 3607 
3609 1 0 
3610 1 0 
3611 1 3 1 3572 1 3609 1 3610 
3612 4096 2 16384 1104 4 3611 
3613 1 0 
3614 1 0 
3615 1 3 1 3572 1 3613 1 3614 
3616 12582912 2 50331648 1100 4 3615 
3617 1 0 
3618 1 0 
3619 1 3 1 3572 1 3617 1 3618 
3620 37425152 2 149700608 1206 4 3619 
3621 1 0 
3622 1 0 
3623 1 3 1 3572 1 3621 1 3622 
3624 4096 2 16384 386 4 3623 
3625 1 0 
3626 1 0 
3627 1 3 1 3572 1 3625 1 3626 
3628 8388608 2 33554432 382 4 3627 
3629 1 0 
3630 1 0 
3631 1 3 1 3572 1 3629 1 3630 
3632 4096 2 16384 221 4 3631 
3633 1 0 
3634 1 0 
3635 1 3 1 3572 1 3633 1 3634 
3636 8388608 2 33554432 217 4 3635 
3637 1 0 
3638 1 0 
3639 1 3 1 3572 1 3637 1 3638 
3640 4096 2 16384 556 4 3639 
3641 1 0 
3642 1 0 
3643 1 3 1 3572 1 3641 1 3642 
3644 12582912 2 50331648 552 4 3643 
3645 1 0 
3646 1 0 
3647 1 3 1 3572 1 3645 1 3646 
3648 37425152 2 149700608 87 4 3647 
3649 1 0 
3650 1 0 
3651 1 3 1 3572 1 3649 1 3650 
3652 37425152 2 149700608 77 4 3651 
3653 1 7 4 3580 4194304 3584 4096 3588 4 3592 4096 3596 4194304 3600 149700608 3620 
3654 1 12 16384 3604 50331648 3608 16384 3612 50331648 3616 16384 3624 33554432 3628 16384 3632 33554432 3636 16384 3640 50331648 3644 149700608 3648 149700608 3652 
3655 1 2 4 3653 4 3654 
3656 1 7 4194304 669 4194304 998 4096 1012 4 1017 4096 1021 149700608 1207 4 1309 
3657 1 12 149700608 78 149700608 88 33554432 218 16384 222 33554432 383 16384 387 50331648 553 16384 557 50331648 945 16384 949 50331648 1101 16384 1105 
3658 1 2 4 3656 4 3657 
3659 1 2 4 3 4 7 
